% # columns="iteration, evaluation, min max(neg(.)) min(pos(.)) max correlation, correlation matrix principal axes lengths  (sorted square roots of eigenvalues of correlation matrix)", seed=1034448, Mon Nov 24 21:49:53 2025
1 38 -0.04079747774810032 -0.007832909730278372 0.008468923391387934 0.03149339027107097 0.9336045645892318 0.9622508854522008 0.9673828427814086 0.9723190380950621 0.9779320463517113 0.985774625313518 0.9877596965170412 0.9912464980886356 0.9937625664832046 0.9944483333897872 0.9971270481303444 1.0001369302972447 1.0022190211019195 1.005267230514063 1.0060074713782519 1.0079560797734082 1.0149503297526754 1.0180911195174593 1.0227533505591024 1.0423344701130655 1.0496566769217468 1.058263916166267
2 75 -0.04079747774810032 -0.007832909730278372 0.008468923391387934 0.03149339027107097 0.9336045645892318 0.9622508854522008 0.9673828427814086 0.9723190380950621 0.9779320463517113 0.985774625313518 0.9877596965170412 0.9912464980886356 0.9937625664832046 0.9944483333897872 0.9971270481303444 1.0001369302972447 1.0022190211019195 1.005267230514063 1.0060074713782519 1.0079560797734082 1.0149503297526754 1.0180911195174593 1.0227533505591024 1.0423344701130655 1.0496566769217468 1.058263916166267
3 112 -0.04079747774810032 -0.007832909730278372 0.008468923391387934 0.03149339027107097 0.9336045645892318 0.9622508854522008 0.9673828427814086 0.9723190380950621 0.9779320463517113 0.985774625313518 0.9877596965170412 0.9912464980886356 0.9937625664832046 0.9944483333897872 0.9971270481303444 1.0001369302972447 1.0022190211019195 1.005267230514063 1.0060074713782519 1.0079560797734082 1.0149503297526754 1.0180911195174593 1.0227533505591024 1.0423344701130655 1.0496566769217468 1.058263916166267
4 149 -0.04079747774810032 -0.007832909730278372 0.008468923391387934 0.03149339027107097 0.9336045645892318 0.9622508854522008 0.9673828427814086 0.9723190380950621 0.9779320463517113 0.985774625313518 0.9877596965170412 0.9912464980886356 0.9937625664832046 0.9944483333897872 0.9971270481303444 1.0001369302972447 1.0022190211019195 1.005267230514063 1.0060074713782519 1.0079560797734082 1.0149503297526754 1.0180911195174593 1.0227533505591024 1.0423344701130655 1.0496566769217468 1.058263916166267
5 186 -0.04079747774810032 -0.007832909730278372 0.008468923391387934 0.03149339027107097 0.9336045645892318 0.9622508854522008 0.9673828427814086 0.9723190380950621 0.9779320463517113 0.985774625313518 0.9877596965170412 0.9912464980886356 0.9937625664832046 0.9944483333897872 0.9971270481303444 1.0001369302972447 1.0022190211019195 1.005267230514063 1.0060074713782519 1.0079560797734082 1.0149503297526754 1.0180911195174593 1.0227533505591024 1.0423344701130655 1.0496566769217468 1.058263916166267
6 223 -0.04079747774810032 -0.007832909730278372 0.008468923391387934 0.03149339027107097 0.9336045645892318 0.9622508854522008 0.9673828427814086 0.9723190380950621 0.9779320463517113 0.985774625313518 0.9877596965170412 0.9912464980886356 0.9937625664832046 0.9944483333897872 0.9971270481303444 1.0001369302972447 1.0022190211019195 1.005267230514063 1.0060074713782519 1.0079560797734082 1.0149503297526754 1.0180911195174593 1.0227533505591024 1.0423344701130655 1.0496566769217468 1.058263916166267
7 260 -0.04079747774810032 -0.007832909730278372 0.008468923391387934 0.03149339027107097 0.9336045645892318 0.9622508854522008 0.9673828427814086 0.9723190380950621 0.9779320463517113 0.985774625313518 0.9877596965170412 0.9912464980886356 0.9937625664832046 0.9944483333897872 0.9971270481303444 1.0001369302972447 1.0022190211019195 1.005267230514063 1.0060074713782519 1.0079560797734082 1.0149503297526754 1.0180911195174593 1.0227533505591024 1.0423344701130655 1.0496566769217468 1.058263916166267
8 297 -0.04079747774810032 -0.007832909730278372 0.008468923391387934 0.03149339027107097 0.9336045645892318 0.9622508854522008 0.9673828427814086 0.9723190380950621 0.9779320463517113 0.985774625313518 0.9877596965170412 0.9912464980886356 0.9937625664832046 0.9944483333897872 0.9971270481303444 1.0001369302972447 1.0022190211019195 1.005267230514063 1.0060074713782519 1.0079560797734082 1.0149503297526754 1.0180911195174593 1.0227533505591024 1.0423344701130655 1.0496566769217468 1.058263916166267
9 334 -0.04079747774810032 -0.007832909730278372 0.008468923391387934 0.03149339027107097 0.9336045645892318 0.9622508854522008 0.9673828427814086 0.9723190380950621 0.9779320463517113 0.985774625313518 0.9877596965170412 0.9912464980886356 0.9937625664832046 0.9944483333897872 0.9971270481303444 1.0001369302972447 1.0022190211019195 1.005267230514063 1.0060074713782519 1.0079560797734082 1.0149503297526754 1.0180911195174593 1.0227533505591024 1.0423344701130655 1.0496566769217468 1.058263916166267
10 371 -0.04079747774810032 -0.007832909730278372 0.008468923391387934 0.03149339027107097 0.9336045645892318 0.9622508854522008 0.9673828427814086 0.9723190380950621 0.9779320463517113 0.985774625313518 0.9877596965170412 0.9912464980886356 0.9937625664832046 0.9944483333897872 0.9971270481303444 1.0001369302972447 1.0022190211019195 1.005267230514063 1.0060074713782519 1.0079560797734082 1.0149503297526754 1.0180911195174593 1.0227533505591024 1.0423344701130655 1.0496566769217468 1.058263916166267
11 408 -0.04079747774810032 -0.007832909730278372 0.008468923391387934 0.03149339027107097 0.9336045645892318 0.9622508854522008 0.9673828427814086 0.9723190380950621 0.9779320463517113 0.985774625313518 0.9877596965170412 0.9912464980886356 0.9937625664832046 0.9944483333897872 0.9971270481303444 1.0001369302972447 1.0022190211019195 1.005267230514063 1.0060074713782519 1.0079560797734082 1.0149503297526754 1.0180911195174593 1.0227533505591024 1.0423344701130655 1.0496566769217468 1.058263916166267
12 445 -0.04079747774810032 -0.007832909730278372 0.008468923391387934 0.03149339027107097 0.9336045645892318 0.9622508854522008 0.9673828427814086 0.9723190380950621 0.9779320463517113 0.985774625313518 0.9877596965170412 0.9912464980886356 0.9937625664832046 0.9944483333897872 0.9971270481303444 1.0001369302972447 1.0022190211019195 1.005267230514063 1.0060074713782519 1.0079560797734082 1.0149503297526754 1.0180911195174593 1.0227533505591024 1.0423344701130655 1.0496566769217468 1.058263916166267
13 482 -0.04079747774810032 -0.007832909730278372 0.008468923391387934 0.03149339027107097 0.9336045645892318 0.9622508854522008 0.9673828427814086 0.9723190380950621 0.9779320463517113 0.985774625313518 0.9877596965170412 0.9912464980886356 0.9937625664832046 0.9944483333897872 0.9971270481303444 1.0001369302972447 1.0022190211019195 1.005267230514063 1.0060074713782519 1.0079560797734082 1.0149503297526754 1.0180911195174593 1.0227533505591024 1.0423344701130655 1.0496566769217468 1.058263916166267
14 519 -0.04079747774810032 -0.007832909730278372 0.008468923391387934 0.03149339027107097 0.9336045645892318 0.9622508854522008 0.9673828427814086 0.9723190380950621 0.9779320463517113 0.985774625313518 0.9877596965170412 0.9912464980886356 0.9937625664832046 0.9944483333897872 0.9971270481303444 1.0001369302972447 1.0022190211019195 1.005267230514063 1.0060074713782519 1.0079560797734082 1.0149503297526754 1.0180911195174593 1.0227533505591024 1.0423344701130655 1.0496566769217468 1.058263916166267
15 556 -0.04079747774810032 -0.007832909730278372 0.008468923391387934 0.03149339027107097 0.9336045645892318 0.9622508854522008 0.9673828427814086 0.9723190380950621 0.9779320463517113 0.985774625313518 0.9877596965170412 0.9912464980886356 0.9937625664832046 0.9944483333897872 0.9971270481303444 1.0001369302972447 1.0022190211019195 1.005267230514063 1.0060074713782519 1.0079560797734082 1.0149503297526754 1.0180911195174593 1.0227533505591024 1.0423344701130655 1.0496566769217468 1.058263916166267
16 593 -0.04079747774810032 -0.007832909730278372 0.008468923391387934 0.03149339027107097 0.9336045645892318 0.9622508854522008 0.9673828427814086 0.9723190380950621 0.9779320463517113 0.985774625313518 0.9877596965170412 0.9912464980886356 0.9937625664832046 0.9944483333897872 0.9971270481303444 1.0001369302972447 1.0022190211019195 1.005267230514063 1.0060074713782519 1.0079560797734082 1.0149503297526754 1.0180911195174593 1.0227533505591024 1.0423344701130655 1.0496566769217468 1.058263916166267
17 630 -0.04079747774810032 -0.007832909730278372 0.008468923391387934 0.03149339027107097 0.9336045645892318 0.9622508854522008 0.9673828427814086 0.9723190380950621 0.9779320463517113 0.985774625313518 0.9877596965170412 0.9912464980886356 0.9937625664832046 0.9944483333897872 0.9971270481303444 1.0001369302972447 1.0022190211019195 1.005267230514063 1.0060074713782519 1.0079560797734082 1.0149503297526754 1.0180911195174593 1.0227533505591024 1.0423344701130655 1.0496566769217468 1.058263916166267
18 667 -0.04079747774810032 -0.007832909730278372 0.008468923391387934 0.03149339027107097 0.9336045645892318 0.9622508854522008 0.9673828427814086 0.9723190380950621 0.9779320463517113 0.985774625313518 0.9877596965170412 0.9912464980886356 0.9937625664832046 0.9944483333897872 0.9971270481303444 1.0001369302972447 1.0022190211019195 1.005267230514063 1.0060074713782519 1.0079560797734082 1.0149503297526754 1.0180911195174593 1.0227533505591024 1.0423344701130655 1.0496566769217468 1.058263916166267
19 704 -0.04079747774810032 -0.007832909730278372 0.008468923391387934 0.03149339027107097 0.9336045645892318 0.9622508854522008 0.9673828427814086 0.9723190380950621 0.9779320463517113 0.985774625313518 0.9877596965170412 0.9912464980886356 0.9937625664832046 0.9944483333897872 0.9971270481303444 1.0001369302972447 1.0022190211019195 1.005267230514063 1.0060074713782519 1.0079560797734082 1.0149503297526754 1.0180911195174593 1.0227533505591024 1.0423344701130655 1.0496566769217468 1.058263916166267
20 741 -0.04079747774810032 -0.007832909730278372 0.008468923391387934 0.03149339027107097 0.9336045645892318 0.9622508854522008 0.9673828427814086 0.9723190380950621 0.9779320463517113 0.985774625313518 0.9877596965170412 0.9912464980886356 0.9937625664832046 0.9944483333897872 0.9971270481303444 1.0001369302972447 1.0022190211019195 1.005267230514063 1.0060074713782519 1.0079560797734082 1.0149503297526754 1.0180911195174593 1.0227533505591024 1.0423344701130655 1.0496566769217468 1.058263916166267
21 778 -0.04079747774810032 -0.007832909730278372 0.008468923391387934 0.03149339027107097 0.9336045645892318 0.9622508854522008 0.9673828427814086 0.9723190380950621 0.9779320463517113 0.985774625313518 0.9877596965170412 0.9912464980886356 0.9937625664832046 0.9944483333897872 0.9971270481303444 1.0001369302972447 1.0022190211019195 1.005267230514063 1.0060074713782519 1.0079560797734082 1.0149503297526754 1.0180911195174593 1.0227533505591024 1.0423344701130655 1.0496566769217468 1.058263916166267
22 815 -0.04079747774810032 -0.007832909730278372 0.008468923391387934 0.03149339027107097 0.9336045645892318 0.9622508854522008 0.9673828427814086 0.9723190380950621 0.9779320463517113 0.985774625313518 0.9877596965170412 0.9912464980886356 0.9937625664832046 0.9944483333897872 0.9971270481303444 1.0001369302972447 1.0022190211019195 1.005267230514063 1.0060074713782519 1.0079560797734082 1.0149503297526754 1.0180911195174593 1.0227533505591024 1.0423344701130655 1.0496566769217468 1.058263916166267
23 852 -0.44439684729782136 -0.057879199859220895 0.05676402489316883 0.38887781794956144 0.661187437438089 0.6922449029583824 0.7524656788382279 0.7946478311366907 0.8092230558747239 0.8355600472261873 0.866024879180118 0.8880477978732004 0.9195093204491205 0.9257782885214105 0.9307203993668441 0.9775197585346118 0.9829809422589809 1.0120186184623619 1.0467413550524007 1.0706609989145877 1.09602568705954 1.116687938407662 1.1327362415877218 1.1864690930816872 1.1913451850483914 1.6368250144680336
24 889 -0.44439684729782136 -0.057879199859220895 0.05676402489316883 0.38887781794956144 0.661187437438089 0.6922449029583824 0.7524656788382279 0.7946478311366907 0.8092230558747239 0.8355600472261873 0.866024879180118 0.8880477978732004 0.9195093204491205 0.9257782885214105 0.9307203993668441 0.9775197585346118 0.9829809422589809 1.0120186184623619 1.0467413550524007 1.0706609989145877 1.09602568705954 1.116687938407662 1.1327362415877218 1.1864690930816872 1.1913451850483914 1.6368250144680336
25 926 -0.44439684729782136 -0.057879199859220895 0.05676402489316883 0.38887781794956144 0.661187437438089 0.6922449029583824 0.7524656788382279 0.7946478311366907 0.8092230558747239 0.8355600472261873 0.866024879180118 0.8880477978732004 0.9195093204491205 0.9257782885214105 0.9307203993668441 0.9775197585346118 0.9829809422589809 1.0120186184623619 1.0467413550524007 1.0706609989145877 1.09602568705954 1.116687938407662 1.1327362415877218 1.1864690930816872 1.1913451850483914 1.6368250144680336
26 963 -0.44439684729782136 -0.057879199859220895 0.05676402489316883 0.38887781794956144 0.661187437438089 0.6922449029583824 0.7524656788382279 0.7946478311366907 0.8092230558747239 0.8355600472261873 0.866024879180118 0.8880477978732004 0.9195093204491205 0.9257782885214105 0.9307203993668441 0.9775197585346118 0.9829809422589809 1.0120186184623619 1.0467413550524007 1.0706609989145877 1.09602568705954 1.116687938407662 1.1327362415877218 1.1864690930816872 1.1913451850483914 1.6368250144680336
27 1000 -0.44439684729782136 -0.057879199859220895 0.05676402489316883 0.38887781794956144 0.661187437438089 0.6922449029583824 0.7524656788382279 0.7946478311366907 0.8092230558747239 0.8355600472261873 0.866024879180118 0.8880477978732004 0.9195093204491205 0.9257782885214105 0.9307203993668441 0.9775197585346118 0.9829809422589809 1.0120186184623619 1.0467413550524007 1.0706609989145877 1.09602568705954 1.116687938407662 1.1327362415877218 1.1864690930816872 1.1913451850483914 1.6368250144680336
28 1037 -0.44439684729782136 -0.057879199859220895 0.05676402489316883 0.38887781794956144 0.661187437438089 0.6922449029583824 0.7524656788382279 0.7946478311366907 0.8092230558747239 0.8355600472261873 0.866024879180118 0.8880477978732004 0.9195093204491205 0.9257782885214105 0.9307203993668441 0.9775197585346118 0.9829809422589809 1.0120186184623619 1.0467413550524007 1.0706609989145877 1.09602568705954 1.116687938407662 1.1327362415877218 1.1864690930816872 1.1913451850483914 1.6368250144680336
29 1074 -0.44439684729782136 -0.057879199859220895 0.05676402489316883 0.38887781794956144 0.661187437438089 0.6922449029583824 0.7524656788382279 0.7946478311366907 0.8092230558747239 0.8355600472261873 0.866024879180118 0.8880477978732004 0.9195093204491205 0.9257782885214105 0.9307203993668441 0.9775197585346118 0.9829809422589809 1.0120186184623619 1.0467413550524007 1.0706609989145877 1.09602568705954 1.116687938407662 1.1327362415877218 1.1864690930816872 1.1913451850483914 1.6368250144680336
30 1111 -0.44439684729782136 -0.057879199859220895 0.05676402489316883 0.38887781794956144 0.661187437438089 0.6922449029583824 0.7524656788382279 0.7946478311366907 0.8092230558747239 0.8355600472261873 0.866024879180118 0.8880477978732004 0.9195093204491205 0.9257782885214105 0.9307203993668441 0.9775197585346118 0.9829809422589809 1.0120186184623619 1.0467413550524007 1.0706609989145877 1.09602568705954 1.116687938407662 1.1327362415877218 1.1864690930816872 1.1913451850483914 1.6368250144680336
31 1148 -0.44439684729782136 -0.057879199859220895 0.05676402489316883 0.38887781794956144 0.661187437438089 0.6922449029583824 0.7524656788382279 0.7946478311366907 0.8092230558747239 0.8355600472261873 0.866024879180118 0.8880477978732004 0.9195093204491205 0.9257782885214105 0.9307203993668441 0.9775197585346118 0.9829809422589809 1.0120186184623619 1.0467413550524007 1.0706609989145877 1.09602568705954 1.116687938407662 1.1327362415877218 1.1864690930816872 1.1913451850483914 1.6368250144680336
32 1185 -0.44439684729782136 -0.057879199859220895 0.05676402489316883 0.38887781794956144 0.661187437438089 0.6922449029583824 0.7524656788382279 0.7946478311366907 0.8092230558747239 0.8355600472261873 0.866024879180118 0.8880477978732004 0.9195093204491205 0.9257782885214105 0.9307203993668441 0.9775197585346118 0.9829809422589809 1.0120186184623619 1.0467413550524007 1.0706609989145877 1.09602568705954 1.116687938407662 1.1327362415877218 1.1864690930816872 1.1913451850483914 1.6368250144680336
33 1222 -0.44439684729782136 -0.057879199859220895 0.05676402489316883 0.38887781794956144 0.661187437438089 0.6922449029583824 0.7524656788382279 0.7946478311366907 0.8092230558747239 0.8355600472261873 0.866024879180118 0.8880477978732004 0.9195093204491205 0.9257782885214105 0.9307203993668441 0.9775197585346118 0.9829809422589809 1.0120186184623619 1.0467413550524007 1.0706609989145877 1.09602568705954 1.116687938407662 1.1327362415877218 1.1864690930816872 1.1913451850483914 1.6368250144680336
34 1259 -0.44439684729782136 -0.057879199859220895 0.05676402489316883 0.38887781794956144 0.661187437438089 0.6922449029583824 0.7524656788382279 0.7946478311366907 0.8092230558747239 0.8355600472261873 0.866024879180118 0.8880477978732004 0.9195093204491205 0.9257782885214105 0.9307203993668441 0.9775197585346118 0.9829809422589809 1.0120186184623619 1.0467413550524007 1.0706609989145877 1.09602568705954 1.116687938407662 1.1327362415877218 1.1864690930816872 1.1913451850483914 1.6368250144680336
35 1296 -0.44439684729782136 -0.057879199859220895 0.05676402489316883 0.38887781794956144 0.661187437438089 0.6922449029583824 0.7524656788382279 0.7946478311366907 0.8092230558747239 0.8355600472261873 0.866024879180118 0.8880477978732004 0.9195093204491205 0.9257782885214105 0.9307203993668441 0.9775197585346118 0.9829809422589809 1.0120186184623619 1.0467413550524007 1.0706609989145877 1.09602568705954 1.116687938407662 1.1327362415877218 1.1864690930816872 1.1913451850483914 1.6368250144680336
36 1333 -0.44439684729782136 -0.057879199859220895 0.05676402489316883 0.38887781794956144 0.661187437438089 0.6922449029583824 0.7524656788382279 0.7946478311366907 0.8092230558747239 0.8355600472261873 0.866024879180118 0.8880477978732004 0.9195093204491205 0.9257782885214105 0.9307203993668441 0.9775197585346118 0.9829809422589809 1.0120186184623619 1.0467413550524007 1.0706609989145877 1.09602568705954 1.116687938407662 1.1327362415877218 1.1864690930816872 1.1913451850483914 1.6368250144680336
37 1370 -0.44439684729782136 -0.057879199859220895 0.05676402489316883 0.38887781794956144 0.661187437438089 0.6922449029583824 0.7524656788382279 0.7946478311366907 0.8092230558747239 0.8355600472261873 0.866024879180118 0.8880477978732004 0.9195093204491205 0.9257782885214105 0.9307203993668441 0.9775197585346118 0.9829809422589809 1.0120186184623619 1.0467413550524007 1.0706609989145877 1.09602568705954 1.116687938407662 1.1327362415877218 1.1864690930816872 1.1913451850483914 1.6368250144680336
38 1407 -0.44439684729782136 -0.057879199859220895 0.05676402489316883 0.38887781794956144 0.661187437438089 0.6922449029583824 0.7524656788382279 0.7946478311366907 0.8092230558747239 0.8355600472261873 0.866024879180118 0.8880477978732004 0.9195093204491205 0.9257782885214105 0.9307203993668441 0.9775197585346118 0.9829809422589809 1.0120186184623619 1.0467413550524007 1.0706609989145877 1.09602568705954 1.116687938407662 1.1327362415877218 1.1864690930816872 1.1913451850483914 1.6368250144680336
39 1444 -0.44439684729782136 -0.057879199859220895 0.05676402489316883 0.38887781794956144 0.661187437438089 0.6922449029583824 0.7524656788382279 0.7946478311366907 0.8092230558747239 0.8355600472261873 0.866024879180118 0.8880477978732004 0.9195093204491205 0.9257782885214105 0.9307203993668441 0.9775197585346118 0.9829809422589809 1.0120186184623619 1.0467413550524007 1.0706609989145877 1.09602568705954 1.116687938407662 1.1327362415877218 1.1864690930816872 1.1913451850483914 1.6368250144680336
40 1481 -0.44439684729782136 -0.057879199859220895 0.05676402489316883 0.38887781794956144 0.661187437438089 0.6922449029583824 0.7524656788382279 0.7946478311366907 0.8092230558747239 0.8355600472261873 0.866024879180118 0.8880477978732004 0.9195093204491205 0.9257782885214105 0.9307203993668441 0.9775197585346118 0.9829809422589809 1.0120186184623619 1.0467413550524007 1.0706609989145877 1.09602568705954 1.116687938407662 1.1327362415877218 1.1864690930816872 1.1913451850483914 1.6368250144680336
41 1518 -0.44439684729782136 -0.057879199859220895 0.05676402489316883 0.38887781794956144 0.661187437438089 0.6922449029583824 0.7524656788382279 0.7946478311366907 0.8092230558747239 0.8355600472261873 0.866024879180118 0.8880477978732004 0.9195093204491205 0.9257782885214105 0.9307203993668441 0.9775197585346118 0.9829809422589809 1.0120186184623619 1.0467413550524007 1.0706609989145877 1.09602568705954 1.116687938407662 1.1327362415877218 1.1864690930816872 1.1913451850483914 1.6368250144680336
42 1555 -0.44439684729782136 -0.057879199859220895 0.05676402489316883 0.38887781794956144 0.661187437438089 0.6922449029583824 0.7524656788382279 0.7946478311366907 0.8092230558747239 0.8355600472261873 0.866024879180118 0.8880477978732004 0.9195093204491205 0.9257782885214105 0.9307203993668441 0.9775197585346118 0.9829809422589809 1.0120186184623619 1.0467413550524007 1.0706609989145877 1.09602568705954 1.116687938407662 1.1327362415877218 1.1864690930816872 1.1913451850483914 1.6368250144680336
43 1592 -0.44439684729782136 -0.057879199859220895 0.05676402489316883 0.38887781794956144 0.661187437438089 0.6922449029583824 0.7524656788382279 0.7946478311366907 0.8092230558747239 0.8355600472261873 0.866024879180118 0.8880477978732004 0.9195093204491205 0.9257782885214105 0.9307203993668441 0.9775197585346118 0.9829809422589809 1.0120186184623619 1.0467413550524007 1.0706609989145877 1.09602568705954 1.116687938407662 1.1327362415877218 1.1864690930816872 1.1913451850483914 1.6368250144680336
44 1629 -0.44439684729782136 -0.057879199859220895 0.05676402489316883 0.38887781794956144 0.661187437438089 0.6922449029583824 0.7524656788382279 0.7946478311366907 0.8092230558747239 0.8355600472261873 0.866024879180118 0.8880477978732004 0.9195093204491205 0.9257782885214105 0.9307203993668441 0.9775197585346118 0.9829809422589809 1.0120186184623619 1.0467413550524007 1.0706609989145877 1.09602568705954 1.116687938407662 1.1327362415877218 1.1864690930816872 1.1913451850483914 1.6368250144680336
45 1666 -0.779529366259602 -0.1016904229309183 0.07733745969738418 0.7514113526258706 0.36962504037247734 0.42359424256648703 0.5831299059988696 0.6025365289754107 0.6379101557934459 0.6904932505098812 0.7188140272739842 0.745555548928726 0.7822724694542021 0.835724235491531 0.8784454763501923 0.8903916543852138 0.9342782230953346 0.9535120432670277 1.0182658544495369 1.0663856061336974 1.092074101606283 1.1560671067637691 1.2130467047197764 1.2711925730663005 1.2918396304892188 2.215460318802231
46 1703 -0.779529366259602 -0.1016904229309183 0.07733745969738418 0.7514113526258706 0.36962504037247734 0.42359424256648703 0.5831299059988696 0.6025365289754107 0.6379101557934459 0.6904932505098812 0.7188140272739842 0.745555548928726 0.7822724694542021 0.835724235491531 0.8784454763501923 0.8903916543852138 0.9342782230953346 0.9535120432670277 1.0182658544495369 1.0663856061336974 1.092074101606283 1.1560671067637691 1.2130467047197764 1.2711925730663005 1.2918396304892188 2.215460318802231
47 1740 -0.779529366259602 -0.1016904229309183 0.07733745969738418 0.7514113526258706 0.36962504037247734 0.42359424256648703 0.5831299059988696 0.6025365289754107 0.6379101557934459 0.6904932505098812 0.7188140272739842 0.745555548928726 0.7822724694542021 0.835724235491531 0.8784454763501923 0.8903916543852138 0.9342782230953346 0.9535120432670277 1.0182658544495369 1.0663856061336974 1.092074101606283 1.1560671067637691 1.2130467047197764 1.2711925730663005 1.2918396304892188 2.215460318802231
48 1777 -0.779529366259602 -0.1016904229309183 0.07733745969738418 0.7514113526258706 0.36962504037247734 0.42359424256648703 0.5831299059988696 0.6025365289754107 0.6379101557934459 0.6904932505098812 0.7188140272739842 0.745555548928726 0.7822724694542021 0.835724235491531 0.8784454763501923 0.8903916543852138 0.9342782230953346 0.9535120432670277 1.0182658544495369 1.0663856061336974 1.092074101606283 1.1560671067637691 1.2130467047197764 1.2711925730663005 1.2918396304892188 2.215460318802231
49 1814 -0.779529366259602 -0.1016904229309183 0.07733745969738418 0.7514113526258706 0.36962504037247734 0.42359424256648703 0.5831299059988696 0.6025365289754107 0.6379101557934459 0.6904932505098812 0.7188140272739842 0.745555548928726 0.7822724694542021 0.835724235491531 0.8784454763501923 0.8903916543852138 0.9342782230953346 0.9535120432670277 1.0182658544495369 1.0663856061336974 1.092074101606283 1.1560671067637691 1.2130467047197764 1.2711925730663005 1.2918396304892188 2.215460318802231
50 1851 -0.779529366259602 -0.1016904229309183 0.07733745969738418 0.7514113526258706 0.36962504037247734 0.42359424256648703 0.5831299059988696 0.6025365289754107 0.6379101557934459 0.6904932505098812 0.7188140272739842 0.745555548928726 0.7822724694542021 0.835724235491531 0.8784454763501923 0.8903916543852138 0.9342782230953346 0.9535120432670277 1.0182658544495369 1.0663856061336974 1.092074101606283 1.1560671067637691 1.2130467047197764 1.2711925730663005 1.2918396304892188 2.215460318802231
51 1888 -0.779529366259602 -0.1016904229309183 0.07733745969738418 0.7514113526258706 0.36962504037247734 0.42359424256648703 0.5831299059988696 0.6025365289754107 0.6379101557934459 0.6904932505098812 0.7188140272739842 0.745555548928726 0.7822724694542021 0.835724235491531 0.8784454763501923 0.8903916543852138 0.9342782230953346 0.9535120432670277 1.0182658544495369 1.0663856061336974 1.092074101606283 1.1560671067637691 1.2130467047197764 1.2711925730663005 1.2918396304892188 2.215460318802231
52 1925 -0.779529366259602 -0.1016904229309183 0.07733745969738418 0.7514113526258706 0.36962504037247734 0.42359424256648703 0.5831299059988696 0.6025365289754107 0.6379101557934459 0.6904932505098812 0.7188140272739842 0.745555548928726 0.7822724694542021 0.835724235491531 0.8784454763501923 0.8903916543852138 0.9342782230953346 0.9535120432670277 1.0182658544495369 1.0663856061336974 1.092074101606283 1.1560671067637691 1.2130467047197764 1.2711925730663005 1.2918396304892188 2.215460318802231
53 1962 -0.779529366259602 -0.1016904229309183 0.07733745969738418 0.7514113526258706 0.36962504037247734 0.42359424256648703 0.5831299059988696 0.6025365289754107 0.6379101557934459 0.6904932505098812 0.7188140272739842 0.745555548928726 0.7822724694542021 0.835724235491531 0.8784454763501923 0.8903916543852138 0.9342782230953346 0.9535120432670277 1.0182658544495369 1.0663856061336974 1.092074101606283 1.1560671067637691 1.2130467047197764 1.2711925730663005 1.2918396304892188 2.215460318802231
54 1999 -0.779529366259602 -0.1016904229309183 0.07733745969738418 0.7514113526258706 0.36962504037247734 0.42359424256648703 0.5831299059988696 0.6025365289754107 0.6379101557934459 0.6904932505098812 0.7188140272739842 0.745555548928726 0.7822724694542021 0.835724235491531 0.8784454763501923 0.8903916543852138 0.9342782230953346 0.9535120432670277 1.0182658544495369 1.0663856061336974 1.092074101606283 1.1560671067637691 1.2130467047197764 1.2711925730663005 1.2918396304892188 2.215460318802231
55 2036 -0.779529366259602 -0.1016904229309183 0.07733745969738418 0.7514113526258706 0.36962504037247734 0.42359424256648703 0.5831299059988696 0.6025365289754107 0.6379101557934459 0.6904932505098812 0.7188140272739842 0.745555548928726 0.7822724694542021 0.835724235491531 0.8784454763501923 0.8903916543852138 0.9342782230953346 0.9535120432670277 1.0182658544495369 1.0663856061336974 1.092074101606283 1.1560671067637691 1.2130467047197764 1.2711925730663005 1.2918396304892188 2.215460318802231
56 2073 -0.779529366259602 -0.1016904229309183 0.07733745969738418 0.7514113526258706 0.36962504037247734 0.42359424256648703 0.5831299059988696 0.6025365289754107 0.6379101557934459 0.6904932505098812 0.7188140272739842 0.745555548928726 0.7822724694542021 0.835724235491531 0.8784454763501923 0.8903916543852138 0.9342782230953346 0.9535120432670277 1.0182658544495369 1.0663856061336974 1.092074101606283 1.1560671067637691 1.2130467047197764 1.2711925730663005 1.2918396304892188 2.215460318802231
57 2110 -0.779529366259602 -0.1016904229309183 0.07733745969738418 0.7514113526258706 0.36962504037247734 0.42359424256648703 0.5831299059988696 0.6025365289754107 0.6379101557934459 0.6904932505098812 0.7188140272739842 0.745555548928726 0.7822724694542021 0.835724235491531 0.8784454763501923 0.8903916543852138 0.9342782230953346 0.9535120432670277 1.0182658544495369 1.0663856061336974 1.092074101606283 1.1560671067637691 1.2130467047197764 1.2711925730663005 1.2918396304892188 2.215460318802231
58 2147 -0.779529366259602 -0.1016904229309183 0.07733745969738418 0.7514113526258706 0.36962504037247734 0.42359424256648703 0.5831299059988696 0.6025365289754107 0.6379101557934459 0.6904932505098812 0.7188140272739842 0.745555548928726 0.7822724694542021 0.835724235491531 0.8784454763501923 0.8903916543852138 0.9342782230953346 0.9535120432670277 1.0182658544495369 1.0663856061336974 1.092074101606283 1.1560671067637691 1.2130467047197764 1.2711925730663005 1.2918396304892188 2.215460318802231
59 2184 -0.779529366259602 -0.1016904229309183 0.07733745969738418 0.7514113526258706 0.36962504037247734 0.42359424256648703 0.5831299059988696 0.6025365289754107 0.6379101557934459 0.6904932505098812 0.7188140272739842 0.745555548928726 0.7822724694542021 0.835724235491531 0.8784454763501923 0.8903916543852138 0.9342782230953346 0.9535120432670277 1.0182658544495369 1.0663856061336974 1.092074101606283 1.1560671067637691 1.2130467047197764 1.2711925730663005 1.2918396304892188 2.215460318802231
60 2221 -0.779529366259602 -0.1016904229309183 0.07733745969738418 0.7514113526258706 0.36962504037247734 0.42359424256648703 0.5831299059988696 0.6025365289754107 0.6379101557934459 0.6904932505098812 0.7188140272739842 0.745555548928726 0.7822724694542021 0.835724235491531 0.8784454763501923 0.8903916543852138 0.9342782230953346 0.9535120432670277 1.0182658544495369 1.0663856061336974 1.092074101606283 1.1560671067637691 1.2130467047197764 1.2711925730663005 1.2918396304892188 2.215460318802231
61 2258 -0.779529366259602 -0.1016904229309183 0.07733745969738418 0.7514113526258706 0.36962504037247734 0.42359424256648703 0.5831299059988696 0.6025365289754107 0.6379101557934459 0.6904932505098812 0.7188140272739842 0.745555548928726 0.7822724694542021 0.835724235491531 0.8784454763501923 0.8903916543852138 0.9342782230953346 0.9535120432670277 1.0182658544495369 1.0663856061336974 1.092074101606283 1.1560671067637691 1.2130467047197764 1.2711925730663005 1.2918396304892188 2.215460318802231
62 2295 -0.779529366259602 -0.1016904229309183 0.07733745969738418 0.7514113526258706 0.36962504037247734 0.42359424256648703 0.5831299059988696 0.6025365289754107 0.6379101557934459 0.6904932505098812 0.7188140272739842 0.745555548928726 0.7822724694542021 0.835724235491531 0.8784454763501923 0.8903916543852138 0.9342782230953346 0.9535120432670277 1.0182658544495369 1.0663856061336974 1.092074101606283 1.1560671067637691 1.2130467047197764 1.2711925730663005 1.2918396304892188 2.215460318802231
63 2332 -0.779529366259602 -0.1016904229309183 0.07733745969738418 0.7514113526258706 0.36962504037247734 0.42359424256648703 0.5831299059988696 0.6025365289754107 0.6379101557934459 0.6904932505098812 0.7188140272739842 0.745555548928726 0.7822724694542021 0.835724235491531 0.8784454763501923 0.8903916543852138 0.9342782230953346 0.9535120432670277 1.0182658544495369 1.0663856061336974 1.092074101606283 1.1560671067637691 1.2130467047197764 1.2711925730663005 1.2918396304892188 2.215460318802231
64 2369 -0.779529366259602 -0.1016904229309183 0.07733745969738418 0.7514113526258706 0.36962504037247734 0.42359424256648703 0.5831299059988696 0.6025365289754107 0.6379101557934459 0.6904932505098812 0.7188140272739842 0.745555548928726 0.7822724694542021 0.835724235491531 0.8784454763501923 0.8903916543852138 0.9342782230953346 0.9535120432670277 1.0182658544495369 1.0663856061336974 1.092074101606283 1.1560671067637691 1.2130467047197764 1.2711925730663005 1.2918396304892188 2.215460318802231
65 2406 -0.779529366259602 -0.1016904229309183 0.07733745969738418 0.7514113526258706 0.36962504037247734 0.42359424256648703 0.5831299059988696 0.6025365289754107 0.6379101557934459 0.6904932505098812 0.7188140272739842 0.745555548928726 0.7822724694542021 0.835724235491531 0.8784454763501923 0.8903916543852138 0.9342782230953346 0.9535120432670277 1.0182658544495369 1.0663856061336974 1.092074101606283 1.1560671067637691 1.2130467047197764 1.2711925730663005 1.2918396304892188 2.215460318802231
66 2443 -0.779529366259602 -0.1016904229309183 0.07733745969738418 0.7514113526258706 0.36962504037247734 0.42359424256648703 0.5831299059988696 0.6025365289754107 0.6379101557934459 0.6904932505098812 0.7188140272739842 0.745555548928726 0.7822724694542021 0.835724235491531 0.8784454763501923 0.8903916543852138 0.9342782230953346 0.9535120432670277 1.0182658544495369 1.0663856061336974 1.092074101606283 1.1560671067637691 1.2130467047197764 1.2711925730663005 1.2918396304892188 2.215460318802231
67 2480 -0.8611218337568068 -0.1339360915194086 0.10928220880771229 0.8462162298057647 0.22881285531539164 0.252855419685456 0.3511236645621011 0.4437610458672328 0.4899233162141493 0.5084539714230352 0.5552743372913751 0.6257547228607994 0.6569375445265947 0.7329616572713694 0.8273519332989053 0.8474727363026726 0.9023982075302216 0.9165886057163202 0.9774781847594756 0.99146758168758 1.0741238874563643 1.093516136006539 1.1821624404284579 1.3091761191199887 1.3876124088128412 2.6484260417811947
68 2517 -0.8611218337568068 -0.1339360915194086 0.10928220880771229 0.8462162298057647 0.22881285531539164 0.252855419685456 0.3511236645621011 0.4437610458672328 0.4899233162141493 0.5084539714230352 0.5552743372913751 0.6257547228607994 0.6569375445265947 0.7329616572713694 0.8273519332989053 0.8474727363026726 0.9023982075302216 0.9165886057163202 0.9774781847594756 0.99146758168758 1.0741238874563643 1.093516136006539 1.1821624404284579 1.3091761191199887 1.3876124088128412 2.6484260417811947
