% # columns="iteration, evaluation, min max(neg(.)) min(pos(.)) max correlation, correlation matrix principal axes lengths  (sorted square roots of eigenvalues of correlation matrix)", seed=1034448, Mon Nov 24 21:49:53 2025
1 38 -0.03227893996094762 -0.00783222457480021 0.00847524785759075 0.039764545937449006 0.9429678068945123 0.950807972372722 0.95795803925537 0.9764026486758701 0.9803911986969767 0.9837090421133604 0.990639616742684 0.9924092274933193 0.9935330051607184 0.9964338954773331 0.9983623250972725 1.0016665445665331 1.0041188511087078 1.0049684916643833 1.0074323875954472 1.0110048798907176 1.0128001763240992 1.020738251630236 1.0266325802887166 1.0320272516271451 1.0371343370851238 1.0690860585301893
2 75 -0.03995680230609787 -0.013629501001944558 0.009453075960219444 0.044305818998276104 0.9429678068945123 0.950807972372722 0.95795803925537 0.9764026486758701 0.9803911986969767 0.9837090421133604 0.990639616742684 0.9924092274933193 0.9935330051607184 0.9964338954773331 0.9983623250972725 1.0016665445665331 1.0041188511087078 1.0049684916643833 1.0074323875954472 1.0110048798907176 1.0128001763240992 1.020738251630236 1.0266325802887166 1.0320272516271451 1.0371343370851238 1.0690860585301893
3 112 -0.054872620563700326 -0.015086859330177933 0.012934656430573226 0.06885086307974954 0.9429678068945123 0.950807972372722 0.95795803925537 0.9764026486758701 0.9803911986969767 0.9837090421133604 0.990639616742684 0.9924092274933193 0.9935330051607184 0.9964338954773331 0.9983623250972725 1.0016665445665331 1.0041188511087078 1.0049684916643833 1.0074323875954472 1.0110048798907176 1.0128001763240992 1.020738251630236 1.0266325802887166 1.0320272516271451 1.0371343370851238 1.0690860585301893
4 149 -0.0659740719032972 -0.017070348322159732 0.018992894354512985 0.07705733461595525 0.9429678068945123 0.950807972372722 0.95795803925537 0.9764026486758701 0.9803911986969767 0.9837090421133604 0.990639616742684 0.9924092274933193 0.9935330051607184 0.9964338954773331 0.9983623250972725 1.0016665445665331 1.0041188511087078 1.0049684916643833 1.0074323875954472 1.0110048798907176 1.0128001763240992 1.020738251630236 1.0266325802887166 1.0320272516271451 1.0371343370851238 1.0690860585301893
5 186 -0.06932788294109705 -0.01972685975212621 0.016600159013300857 0.09396148216981776 0.9429678068945123 0.950807972372722 0.95795803925537 0.9764026486758701 0.9803911986969767 0.9837090421133604 0.990639616742684 0.9924092274933193 0.9935330051607184 0.9964338954773331 0.9983623250972725 1.0016665445665331 1.0041188511087078 1.0049684916643833 1.0074323875954472 1.0110048798907176 1.0128001763240992 1.020738251630236 1.0266325802887166 1.0320272516271451 1.0371343370851238 1.0690860585301893
6 223 -0.09887562801914947 -0.02197321672082329 0.021792704389817064 0.09542580099141038 0.9429678068945123 0.950807972372722 0.95795803925537 0.9764026486758701 0.9803911986969767 0.9837090421133604 0.990639616742684 0.9924092274933193 0.9935330051607184 0.9964338954773331 0.9983623250972725 1.0016665445665331 1.0041188511087078 1.0049684916643833 1.0074323875954472 1.0110048798907176 1.0128001763240992 1.020738251630236 1.0266325802887166 1.0320272516271451 1.0371343370851238 1.0690860585301893
7 260 -0.1400642258055013 -0.022451524904089117 0.026380238295798907 0.12969874853481125 0.9429678068945123 0.950807972372722 0.95795803925537 0.9764026486758701 0.9803911986969767 0.9837090421133604 0.990639616742684 0.9924092274933193 0.9935330051607184 0.9964338954773331 0.9983623250972725 1.0016665445665331 1.0041188511087078 1.0049684916643833 1.0074323875954472 1.0110048798907176 1.0128001763240992 1.020738251630236 1.0266325802887166 1.0320272516271451 1.0371343370851238 1.0690860585301893
8 297 -0.1596876530841877 -0.023347359358971913 0.02460067343947916 0.1547224688698606 0.9429678068945123 0.950807972372722 0.95795803925537 0.9764026486758701 0.9803911986969767 0.9837090421133604 0.990639616742684 0.9924092274933193 0.9935330051607184 0.9964338954773331 0.9983623250972725 1.0016665445665331 1.0041188511087078 1.0049684916643833 1.0074323875954472 1.0110048798907176 1.0128001763240992 1.020738251630236 1.0266325802887166 1.0320272516271451 1.0371343370851238 1.0690860585301893
9 334 -0.17575607439746913 -0.026607511948155648 0.02716527195662851 0.17906981568023564 0.9429678068945123 0.950807972372722 0.95795803925537 0.9764026486758701 0.9803911986969767 0.9837090421133604 0.990639616742684 0.9924092274933193 0.9935330051607184 0.9964338954773331 0.9983623250972725 1.0016665445665331 1.0041188511087078 1.0049684916643833 1.0074323875954472 1.0110048798907176 1.0128001763240992 1.020738251630236 1.0266325802887166 1.0320272516271451 1.0371343370851238 1.0690860585301893
10 371 -0.19429038404607393 -0.025948789871176457 0.02477862177022401 0.18084951283748543 0.9429678068945123 0.950807972372722 0.95795803925537 0.9764026486758701 0.9803911986969767 0.9837090421133604 0.990639616742684 0.9924092274933193 0.9935330051607184 0.9964338954773331 0.9983623250972725 1.0016665445665331 1.0041188511087078 1.0049684916643833 1.0074323875954472 1.0110048798907176 1.0128001763240992 1.020738251630236 1.0266325802887166 1.0320272516271451 1.0371343370851238 1.0690860585301893
11 408 -0.18944232646104178 -0.02964113195575295 0.028057254352561855 0.18978237507641807 0.9429678068945123 0.950807972372722 0.95795803925537 0.9764026486758701 0.9803911986969767 0.9837090421133604 0.990639616742684 0.9924092274933193 0.9935330051607184 0.9964338954773331 0.9983623250972725 1.0016665445665331 1.0041188511087078 1.0049684916643833 1.0074323875954472 1.0110048798907176 1.0128001763240992 1.020738251630236 1.0266325802887166 1.0320272516271451 1.0371343370851238 1.0690860585301893
12 445 -0.19726507749554567 -0.030525497422416295 0.025793719644217904 0.19495753460847492 0.9429678068945123 0.950807972372722 0.95795803925537 0.9764026486758701 0.9803911986969767 0.9837090421133604 0.990639616742684 0.9924092274933193 0.9935330051607184 0.9964338954773331 0.9983623250972725 1.0016665445665331 1.0041188511087078 1.0049684916643833 1.0074323875954472 1.0110048798907176 1.0128001763240992 1.020738251630236 1.0266325802887166 1.0320272516271451 1.0371343370851238 1.0690860585301893
13 482 -0.21112513261629232 -0.034261771061583846 0.028124528416845755 0.19744754934524436 0.9429678068945123 0.950807972372722 0.95795803925537 0.9764026486758701 0.9803911986969767 0.9837090421133604 0.990639616742684 0.9924092274933193 0.9935330051607184 0.9964338954773331 0.9983623250972725 1.0016665445665331 1.0041188511087078 1.0049684916643833 1.0074323875954472 1.0110048798907176 1.0128001763240992 1.020738251630236 1.0266325802887166 1.0320272516271451 1.0371343370851238 1.0690860585301893
14 519 -0.22248828087742828 -0.03352665172965909 0.030439034388709815 0.22870073573346464 0.9429678068945123 0.950807972372722 0.95795803925537 0.9764026486758701 0.9803911986969767 0.9837090421133604 0.990639616742684 0.9924092274933193 0.9935330051607184 0.9964338954773331 0.9983623250972725 1.0016665445665331 1.0041188511087078 1.0049684916643833 1.0074323875954472 1.0110048798907176 1.0128001763240992 1.020738251630236 1.0266325802887166 1.0320272516271451 1.0371343370851238 1.0690860585301893
15 556 -0.2350047587296887 -0.03363039497187405 0.034175267427846136 0.24654936386878956 0.9429678068945123 0.950807972372722 0.95795803925537 0.9764026486758701 0.9803911986969767 0.9837090421133604 0.990639616742684 0.9924092274933193 0.9935330051607184 0.9964338954773331 0.9983623250972725 1.0016665445665331 1.0041188511087078 1.0049684916643833 1.0074323875954472 1.0110048798907176 1.0128001763240992 1.020738251630236 1.0266325802887166 1.0320272516271451 1.0371343370851238 1.0690860585301893
16 593 -0.25345454778620274 -0.03141217421779675 0.039381702310130766 0.2593448846720709 0.9429678068945123 0.950807972372722 0.95795803925537 0.9764026486758701 0.9803911986969767 0.9837090421133604 0.990639616742684 0.9924092274933193 0.9935330051607184 0.9964338954773331 0.9983623250972725 1.0016665445665331 1.0041188511087078 1.0049684916643833 1.0074323875954472 1.0110048798907176 1.0128001763240992 1.020738251630236 1.0266325802887166 1.0320272516271451 1.0371343370851238 1.0690860585301893
17 630 -0.24266287113491156 -0.03742043411984482 0.03605188091007484 0.2654171306637209 0.9429678068945123 0.950807972372722 0.95795803925537 0.9764026486758701 0.9803911986969767 0.9837090421133604 0.990639616742684 0.9924092274933193 0.9935330051607184 0.9964338954773331 0.9983623250972725 1.0016665445665331 1.0041188511087078 1.0049684916643833 1.0074323875954472 1.0110048798907176 1.0128001763240992 1.020738251630236 1.0266325802887166 1.0320272516271451 1.0371343370851238 1.0690860585301893
18 667 -0.2517445405406019 -0.04339664195324266 0.038182433832637 0.2664343000323141 0.9429678068945123 0.950807972372722 0.95795803925537 0.9764026486758701 0.9803911986969767 0.9837090421133604 0.990639616742684 0.9924092274933193 0.9935330051607184 0.9964338954773331 0.9983623250972725 1.0016665445665331 1.0041188511087078 1.0049684916643833 1.0074323875954472 1.0110048798907176 1.0128001763240992 1.020738251630236 1.0266325802887166 1.0320272516271451 1.0371343370851238 1.0690860585301893
19 704 -0.259736076636991 -0.04205987972513296 0.038764025215297634 0.28177989499432776 0.9429678068945123 0.950807972372722 0.95795803925537 0.9764026486758701 0.9803911986969767 0.9837090421133604 0.990639616742684 0.9924092274933193 0.9935330051607184 0.9964338954773331 0.9983623250972725 1.0016665445665331 1.0041188511087078 1.0049684916643833 1.0074323875954472 1.0110048798907176 1.0128001763240992 1.020738251630236 1.0266325802887166 1.0320272516271451 1.0371343370851238 1.0690860585301893
20 741 -0.276373227635134 -0.04310746941385673 0.038091290779932785 0.26705847470618277 0.9429678068945123 0.950807972372722 0.95795803925537 0.9764026486758701 0.9803911986969767 0.9837090421133604 0.990639616742684 0.9924092274933193 0.9935330051607184 0.9964338954773331 0.9983623250972725 1.0016665445665331 1.0041188511087078 1.0049684916643833 1.0074323875954472 1.0110048798907176 1.0128001763240992 1.020738251630236 1.0266325802887166 1.0320272516271451 1.0371343370851238 1.0690860585301893
21 778 -0.25638877038529057 -0.047261790106161765 0.03907012762970698 0.25931214317843454 0.9429678068945123 0.950807972372722 0.95795803925537 0.9764026486758701 0.9803911986969767 0.9837090421133604 0.990639616742684 0.9924092274933193 0.9935330051607184 0.9964338954773331 0.9983623250972725 1.0016665445665331 1.0041188511087078 1.0049684916643833 1.0074323875954472 1.0110048798907176 1.0128001763240992 1.020738251630236 1.0266325802887166 1.0320272516271451 1.0371343370851238 1.0690860585301893
22 815 -0.27293793140666206 -0.04742821515674659 0.04156196111167576 0.2475605593815293 0.9429678068945123 0.950807972372722 0.95795803925537 0.9764026486758701 0.9803911986969767 0.9837090421133604 0.990639616742684 0.9924092274933193 0.9935330051607184 0.9964338954773331 0.9983623250972725 1.0016665445665331 1.0041188511087078 1.0049684916643833 1.0074323875954472 1.0110048798907176 1.0128001763240992 1.020738251630236 1.0266325802887166 1.0320272516271451 1.0371343370851238 1.0690860585301893
23 852 -0.28683571991499757 -0.04601138306265384 0.044555626154797495 0.25991177036668595 0.5227795758427868 0.7736775774047013 0.7872487853231287 0.839297007847647 0.8469267295835925 0.8572995096621046 0.8839230834713631 0.9120288347879884 0.9308786656862622 0.9450495578208737 0.9634976442165831 0.9949634035695674 1.0253871789561635 1.0291815333204593 1.0403108086350321 1.090633460132738 1.1175826297492546 1.1330880781195487 1.1519348516296908 1.2003912296751 1.2759772776856648 1.3226469103337055
24 889 -0.2989777279597566 -0.046224487262767164 0.04603054040984073 0.2712962476369811 0.5227795758427868 0.7736775774047013 0.7872487853231287 0.839297007847647 0.8469267295835925 0.8572995096621046 0.8839230834713631 0.9120288347879884 0.9308786656862622 0.9450495578208737 0.9634976442165831 0.9949634035695674 1.0253871789561635 1.0291815333204593 1.0403108086350321 1.090633460132738 1.1175826297492546 1.1330880781195487 1.1519348516296908 1.2003912296751 1.2759772776856648 1.3226469103337055
25 926 -0.3082589898564055 -0.04501274155930993 0.0463187448191147 0.2543422795094805 0.5227795758427868 0.7736775774047013 0.7872487853231287 0.839297007847647 0.8469267295835925 0.8572995096621046 0.8839230834713631 0.9120288347879884 0.9308786656862622 0.9450495578208737 0.9634976442165831 0.9949634035695674 1.0253871789561635 1.0291815333204593 1.0403108086350321 1.090633460132738 1.1175826297492546 1.1330880781195487 1.1519348516296908 1.2003912296751 1.2759772776856648 1.3226469103337055
26 963 -0.32590557712583695 -0.047863068844788345 0.05321420776544364 0.26705067273763894 0.5227795758427868 0.7736775774047013 0.7872487853231287 0.839297007847647 0.8469267295835925 0.8572995096621046 0.8839230834713631 0.9120288347879884 0.9308786656862622 0.9450495578208737 0.9634976442165831 0.9949634035695674 1.0253871789561635 1.0291815333204593 1.0403108086350321 1.090633460132738 1.1175826297492546 1.1330880781195487 1.1519348516296908 1.2003912296751 1.2759772776856648 1.3226469103337055
27 1000 -0.32907904986509323 -0.04709966737207906 0.049330658654740435 0.282088950109749 0.5227795758427868 0.7736775774047013 0.7872487853231287 0.839297007847647 0.8469267295835925 0.8572995096621046 0.8839230834713631 0.9120288347879884 0.9308786656862622 0.9450495578208737 0.9634976442165831 0.9949634035695674 1.0253871789561635 1.0291815333204593 1.0403108086350321 1.090633460132738 1.1175826297492546 1.1330880781195487 1.1519348516296908 1.2003912296751 1.2759772776856648 1.3226469103337055
28 1037 -0.32823361287982206 -0.050455454251404984 0.050184615168308716 0.28881878924744686 0.5227795758427868 0.7736775774047013 0.7872487853231287 0.839297007847647 0.8469267295835925 0.8572995096621046 0.8839230834713631 0.9120288347879884 0.9308786656862622 0.9450495578208737 0.9634976442165831 0.9949634035695674 1.0253871789561635 1.0291815333204593 1.0403108086350321 1.090633460132738 1.1175826297492546 1.1330880781195487 1.1519348516296908 1.2003912296751 1.2759772776856648 1.3226469103337055
29 1074 -0.3417218979875746 -0.050396387441284565 0.05508967974865703 0.29439780420243605 0.5227795758427868 0.7736775774047013 0.7872487853231287 0.839297007847647 0.8469267295835925 0.8572995096621046 0.8839230834713631 0.9120288347879884 0.9308786656862622 0.9450495578208737 0.9634976442165831 0.9949634035695674 1.0253871789561635 1.0291815333204593 1.0403108086350321 1.090633460132738 1.1175826297492546 1.1330880781195487 1.1519348516296908 1.2003912296751 1.2759772776856648 1.3226469103337055
30 1111 -0.35888605652203015 -0.0536062575853998 0.06371803505886942 0.2940800832404006 0.5227795758427868 0.7736775774047013 0.7872487853231287 0.839297007847647 0.8469267295835925 0.8572995096621046 0.8839230834713631 0.9120288347879884 0.9308786656862622 0.9450495578208737 0.9634976442165831 0.9949634035695674 1.0253871789561635 1.0291815333204593 1.0403108086350321 1.090633460132738 1.1175826297492546 1.1330880781195487 1.1519348516296908 1.2003912296751 1.2759772776856648 1.3226469103337055
31 1148 -0.3647485581424573 -0.055592075335934146 0.06526704390978812 0.29685066026513923 0.5227795758427868 0.7736775774047013 0.7872487853231287 0.839297007847647 0.8469267295835925 0.8572995096621046 0.8839230834713631 0.9120288347879884 0.9308786656862622 0.9450495578208737 0.9634976442165831 0.9949634035695674 1.0253871789561635 1.0291815333204593 1.0403108086350321 1.090633460132738 1.1175826297492546 1.1330880781195487 1.1519348516296908 1.2003912296751 1.2759772776856648 1.3226469103337055
32 1185 -0.3679707831656651 -0.05402155114887888 0.059083650947835346 0.2968889041556067 0.5227795758427868 0.7736775774047013 0.7872487853231287 0.839297007847647 0.8469267295835925 0.8572995096621046 0.8839230834713631 0.9120288347879884 0.9308786656862622 0.9450495578208737 0.9634976442165831 0.9949634035695674 1.0253871789561635 1.0291815333204593 1.0403108086350321 1.090633460132738 1.1175826297492546 1.1330880781195487 1.1519348516296908 1.2003912296751 1.2759772776856648 1.3226469103337055
33 1222 -0.3785768191309059 -0.056503022133254796 0.06442576122962636 0.3057644976086006 0.5227795758427868 0.7736775774047013 0.7872487853231287 0.839297007847647 0.8469267295835925 0.8572995096621046 0.8839230834713631 0.9120288347879884 0.9308786656862622 0.9450495578208737 0.9634976442165831 0.9949634035695674 1.0253871789561635 1.0291815333204593 1.0403108086350321 1.090633460132738 1.1175826297492546 1.1330880781195487 1.1519348516296908 1.2003912296751 1.2759772776856648 1.3226469103337055
34 1259 -0.3739055089401574 -0.06090875845162815 0.0657509443947724 0.31101183867862275 0.5227795758427868 0.7736775774047013 0.7872487853231287 0.839297007847647 0.8469267295835925 0.8572995096621046 0.8839230834713631 0.9120288347879884 0.9308786656862622 0.9450495578208737 0.9634976442165831 0.9949634035695674 1.0253871789561635 1.0291815333204593 1.0403108086350321 1.090633460132738 1.1175826297492546 1.1330880781195487 1.1519348516296908 1.2003912296751 1.2759772776856648 1.3226469103337055
35 1296 -0.37929439143721816 -0.06370274007187578 0.06251664714156685 0.313682553158415 0.5227795758427868 0.7736775774047013 0.7872487853231287 0.839297007847647 0.8469267295835925 0.8572995096621046 0.8839230834713631 0.9120288347879884 0.9308786656862622 0.9450495578208737 0.9634976442165831 0.9949634035695674 1.0253871789561635 1.0291815333204593 1.0403108086350321 1.090633460132738 1.1175826297492546 1.1330880781195487 1.1519348516296908 1.2003912296751 1.2759772776856648 1.3226469103337055
36 1333 -0.38457879116040566 -0.06157893929595413 0.0692230971172795 0.31506452625043413 0.5227795758427868 0.7736775774047013 0.7872487853231287 0.839297007847647 0.8469267295835925 0.8572995096621046 0.8839230834713631 0.9120288347879884 0.9308786656862622 0.9450495578208737 0.9634976442165831 0.9949634035695674 1.0253871789561635 1.0291815333204593 1.0403108086350321 1.090633460132738 1.1175826297492546 1.1330880781195487 1.1519348516296908 1.2003912296751 1.2759772776856648 1.3226469103337055
37 1370 -0.3965317142958037 -0.06626030309592687 0.06886800079466635 0.3225537054962459 0.5227795758427868 0.7736775774047013 0.7872487853231287 0.839297007847647 0.8469267295835925 0.8572995096621046 0.8839230834713631 0.9120288347879884 0.9308786656862622 0.9450495578208737 0.9634976442165831 0.9949634035695674 1.0253871789561635 1.0291815333204593 1.0403108086350321 1.090633460132738 1.1175826297492546 1.1330880781195487 1.1519348516296908 1.2003912296751 1.2759772776856648 1.3226469103337055
38 1407 -0.4150438979136551 -0.07068464865515728 0.07306984026249412 0.3143889871053893 0.5227795758427868 0.7736775774047013 0.7872487853231287 0.839297007847647 0.8469267295835925 0.8572995096621046 0.8839230834713631 0.9120288347879884 0.9308786656862622 0.9450495578208737 0.9634976442165831 0.9949634035695674 1.0253871789561635 1.0291815333204593 1.0403108086350321 1.090633460132738 1.1175826297492546 1.1330880781195487 1.1519348516296908 1.2003912296751 1.2759772776856648 1.3226469103337055
39 1444 -0.4197631173609098 -0.07123164287751838 0.07932251453704522 0.3215280196540552 0.5227795758427868 0.7736775774047013 0.7872487853231287 0.839297007847647 0.8469267295835925 0.8572995096621046 0.8839230834713631 0.9120288347879884 0.9308786656862622 0.9450495578208737 0.9634976442165831 0.9949634035695674 1.0253871789561635 1.0291815333204593 1.0403108086350321 1.090633460132738 1.1175826297492546 1.1330880781195487 1.1519348516296908 1.2003912296751 1.2759772776856648 1.3226469103337055
40 1481 -0.43362235731639326 -0.07110122421913648 0.07947996411374406 0.33573523194460164 0.5227795758427868 0.7736775774047013 0.7872487853231287 0.839297007847647 0.8469267295835925 0.8572995096621046 0.8839230834713631 0.9120288347879884 0.9308786656862622 0.9450495578208737 0.9634976442165831 0.9949634035695674 1.0253871789561635 1.0291815333204593 1.0403108086350321 1.090633460132738 1.1175826297492546 1.1330880781195487 1.1519348516296908 1.2003912296751 1.2759772776856648 1.3226469103337055
41 1518 -0.4656583017244556 -0.06919263736631656 0.0803051905414946 0.339091314274785 0.5227795758427868 0.7736775774047013 0.7872487853231287 0.839297007847647 0.8469267295835925 0.8572995096621046 0.8839230834713631 0.9120288347879884 0.9308786656862622 0.9450495578208737 0.9634976442165831 0.9949634035695674 1.0253871789561635 1.0291815333204593 1.0403108086350321 1.090633460132738 1.1175826297492546 1.1330880781195487 1.1519348516296908 1.2003912296751 1.2759772776856648 1.3226469103337055
42 1555 -0.4626852002266051 -0.06275936859643332 0.08111769257007964 0.3469660772431614 0.5227795758427868 0.7736775774047013 0.7872487853231287 0.839297007847647 0.8469267295835925 0.8572995096621046 0.8839230834713631 0.9120288347879884 0.9308786656862622 0.9450495578208737 0.9634976442165831 0.9949634035695674 1.0253871789561635 1.0291815333204593 1.0403108086350321 1.090633460132738 1.1175826297492546 1.1330880781195487 1.1519348516296908 1.2003912296751 1.2759772776856648 1.3226469103337055
43 1592 -0.46834269796199973 -0.05723952941274839 0.08215344080382461 0.36075123091508515 0.5227795758427868 0.7736775774047013 0.7872487853231287 0.839297007847647 0.8469267295835925 0.8572995096621046 0.8839230834713631 0.9120288347879884 0.9308786656862622 0.9450495578208737 0.9634976442165831 0.9949634035695674 1.0253871789561635 1.0291815333204593 1.0403108086350321 1.090633460132738 1.1175826297492546 1.1330880781195487 1.1519348516296908 1.2003912296751 1.2759772776856648 1.3226469103337055
44 1629 -0.4781893245077233 -0.06783349012229253 0.07775262490141398 0.36669608041982504 0.5227795758427868 0.7736775774047013 0.7872487853231287 0.839297007847647 0.8469267295835925 0.8572995096621046 0.8839230834713631 0.9120288347879884 0.9308786656862622 0.9450495578208737 0.9634976442165831 0.9949634035695674 1.0253871789561635 1.0291815333204593 1.0403108086350321 1.090633460132738 1.1175826297492546 1.1330880781195487 1.1519348516296908 1.2003912296751 1.2759772776856648 1.3226469103337055
45 1666 -0.48184747860287075 -0.06850911857225936 0.07812891974421665 0.37675524946879374 0.25856384880136385 0.5965367307337806 0.6780865709738163 0.7098176955580234 0.75555890686639 0.7677611589008809 0.8229610646724577 0.8387638943110184 0.8656365568301705 0.904717051982382 0.9378371573975798 0.9757218864350568 0.9900015191181772 1.034813119653258 1.0789549483188827 1.1084412904396834 1.1488608850925108 1.184045861932837 1.2899142564623554 1.3237642153681077 1.3452668852606067 1.5104873537009045
46 1703 -0.4828503678708825 -0.07565585312794515 0.07348034152901903 0.375017379825944 0.25856384880136385 0.5965367307337806 0.6780865709738163 0.7098176955580234 0.75555890686639 0.7677611589008809 0.8229610646724577 0.8387638943110184 0.8656365568301705 0.904717051982382 0.9378371573975798 0.9757218864350568 0.9900015191181772 1.034813119653258 1.0789549483188827 1.1084412904396834 1.1488608850925108 1.184045861932837 1.2899142564623554 1.3237642153681077 1.3452668852606067 1.5104873537009045
47 1740 -0.48230592577570347 -0.07909170962569355 0.07174706014471241 0.37351743752394384 0.25856384880136385 0.5965367307337806 0.6780865709738163 0.7098176955580234 0.75555890686639 0.7677611589008809 0.8229610646724577 0.8387638943110184 0.8656365568301705 0.904717051982382 0.9378371573975798 0.9757218864350568 0.9900015191181772 1.034813119653258 1.0789549483188827 1.1084412904396834 1.1488608850925108 1.184045861932837 1.2899142564623554 1.3237642153681077 1.3452668852606067 1.5104873537009045
48 1777 -0.4901413995917294 -0.07725005388087396 0.06968507392461626 0.35480015977398577 0.25856384880136385 0.5965367307337806 0.6780865709738163 0.7098176955580234 0.75555890686639 0.7677611589008809 0.8229610646724577 0.8387638943110184 0.8656365568301705 0.904717051982382 0.9378371573975798 0.9757218864350568 0.9900015191181772 1.034813119653258 1.0789549483188827 1.1084412904396834 1.1488608850925108 1.184045861932837 1.2899142564623554 1.3237642153681077 1.3452668852606067 1.5104873537009045
49 1814 -0.4753264681179784 -0.08299478620381115 0.07141985562924323 0.36490213969555124 0.25856384880136385 0.5965367307337806 0.6780865709738163 0.7098176955580234 0.75555890686639 0.7677611589008809 0.8229610646724577 0.8387638943110184 0.8656365568301705 0.904717051982382 0.9378371573975798 0.9757218864350568 0.9900015191181772 1.034813119653258 1.0789549483188827 1.1084412904396834 1.1488608850925108 1.184045861932837 1.2899142564623554 1.3237642153681077 1.3452668852606067 1.5104873537009045
50 1851 -0.47317759076690113 -0.08171373460110351 0.07126815872638427 0.36251214698126105 0.25856384880136385 0.5965367307337806 0.6780865709738163 0.7098176955580234 0.75555890686639 0.7677611589008809 0.8229610646724577 0.8387638943110184 0.8656365568301705 0.904717051982382 0.9378371573975798 0.9757218864350568 0.9900015191181772 1.034813119653258 1.0789549483188827 1.1084412904396834 1.1488608850925108 1.184045861932837 1.2899142564623554 1.3237642153681077 1.3452668852606067 1.5104873537009045
51 1888 -0.45924810228767227 -0.08755459842676397 0.07478190390707587 0.3898171931691949 0.25856384880136385 0.5965367307337806 0.6780865709738163 0.7098176955580234 0.75555890686639 0.7677611589008809 0.8229610646724577 0.8387638943110184 0.8656365568301705 0.904717051982382 0.9378371573975798 0.9757218864350568 0.9900015191181772 1.034813119653258 1.0789549483188827 1.1084412904396834 1.1488608850925108 1.184045861932837 1.2899142564623554 1.3237642153681077 1.3452668852606067 1.5104873537009045
52 1925 -0.4409112572220947 -0.08438041383313787 0.08028782603329968 0.3971166976580934 0.25856384880136385 0.5965367307337806 0.6780865709738163 0.7098176955580234 0.75555890686639 0.7677611589008809 0.8229610646724577 0.8387638943110184 0.8656365568301705 0.904717051982382 0.9378371573975798 0.9757218864350568 0.9900015191181772 1.034813119653258 1.0789549483188827 1.1084412904396834 1.1488608850925108 1.184045861932837 1.2899142564623554 1.3237642153681077 1.3452668852606067 1.5104873537009045
53 1962 -0.4309281671877393 -0.09275562252087055 0.08302189825826548 0.4198953751669604 0.25856384880136385 0.5965367307337806 0.6780865709738163 0.7098176955580234 0.75555890686639 0.7677611589008809 0.8229610646724577 0.8387638943110184 0.8656365568301705 0.904717051982382 0.9378371573975798 0.9757218864350568 0.9900015191181772 1.034813119653258 1.0789549483188827 1.1084412904396834 1.1488608850925108 1.184045861932837 1.2899142564623554 1.3237642153681077 1.3452668852606067 1.5104873537009045
54 1999 -0.4243640401341326 -0.08801728550292243 0.08183763193100778 0.43020589959842787 0.25856384880136385 0.5965367307337806 0.6780865709738163 0.7098176955580234 0.75555890686639 0.7677611589008809 0.8229610646724577 0.8387638943110184 0.8656365568301705 0.904717051982382 0.9378371573975798 0.9757218864350568 0.9900015191181772 1.034813119653258 1.0789549483188827 1.1084412904396834 1.1488608850925108 1.184045861932837 1.2899142564623554 1.3237642153681077 1.3452668852606067 1.5104873537009045
55 2036 -0.4232951360874086 -0.08687275869617933 0.08972526452464369 0.45935857612163744 0.25856384880136385 0.5965367307337806 0.6780865709738163 0.7098176955580234 0.75555890686639 0.7677611589008809 0.8229610646724577 0.8387638943110184 0.8656365568301705 0.904717051982382 0.9378371573975798 0.9757218864350568 0.9900015191181772 1.034813119653258 1.0789549483188827 1.1084412904396834 1.1488608850925108 1.184045861932837 1.2899142564623554 1.3237642153681077 1.3452668852606067 1.5104873537009045
56 2073 -0.43560007316485344 -0.10099759411318615 0.09222181504126443 0.47399253582555645 0.25856384880136385 0.5965367307337806 0.6780865709738163 0.7098176955580234 0.75555890686639 0.7677611589008809 0.8229610646724577 0.8387638943110184 0.8656365568301705 0.904717051982382 0.9378371573975798 0.9757218864350568 0.9900015191181772 1.034813119653258 1.0789549483188827 1.1084412904396834 1.1488608850925108 1.184045861932837 1.2899142564623554 1.3237642153681077 1.3452668852606067 1.5104873537009045
57 2110 -0.4510964616667539 -0.10729925609607387 0.0963995203102241 0.4871119239782446 0.25856384880136385 0.5965367307337806 0.6780865709738163 0.7098176955580234 0.75555890686639 0.7677611589008809 0.8229610646724577 0.8387638943110184 0.8656365568301705 0.904717051982382 0.9378371573975798 0.9757218864350568 0.9900015191181772 1.034813119653258 1.0789549483188827 1.1084412904396834 1.1488608850925108 1.184045861932837 1.2899142564623554 1.3237642153681077 1.3452668852606067 1.5104873537009045
58 2147 -0.47305617818413326 -0.11128175699583229 0.1078270100933741 0.5159233228090365 0.25856384880136385 0.5965367307337806 0.6780865709738163 0.7098176955580234 0.75555890686639 0.7677611589008809 0.8229610646724577 0.8387638943110184 0.8656365568301705 0.904717051982382 0.9378371573975798 0.9757218864350568 0.9900015191181772 1.034813119653258 1.0789549483188827 1.1084412904396834 1.1488608850925108 1.184045861932837 1.2899142564623554 1.3237642153681077 1.3452668852606067 1.5104873537009045
59 2184 -0.49083307101729867 -0.11497080792354596 0.11060552495692778 0.5344477087511046 0.25856384880136385 0.5965367307337806 0.6780865709738163 0.7098176955580234 0.75555890686639 0.7677611589008809 0.8229610646724577 0.8387638943110184 0.8656365568301705 0.904717051982382 0.9378371573975798 0.9757218864350568 0.9900015191181772 1.034813119653258 1.0789549483188827 1.1084412904396834 1.1488608850925108 1.184045861932837 1.2899142564623554 1.3237642153681077 1.3452668852606067 1.5104873537009045
60 2221 -0.5282058356777514 -0.11727849311239907 0.10132971834839555 0.5556709424242976 0.25856384880136385 0.5965367307337806 0.6780865709738163 0.7098176955580234 0.75555890686639 0.7677611589008809 0.8229610646724577 0.8387638943110184 0.8656365568301705 0.904717051982382 0.9378371573975798 0.9757218864350568 0.9900015191181772 1.034813119653258 1.0789549483188827 1.1084412904396834 1.1488608850925108 1.184045861932837 1.2899142564623554 1.3237642153681077 1.3452668852606067 1.5104873537009045
61 2258 -0.5465658128013766 -0.11434430499608472 0.10546712901506398 0.5686701348299376 0.25856384880136385 0.5965367307337806 0.6780865709738163 0.7098176955580234 0.75555890686639 0.7677611589008809 0.8229610646724577 0.8387638943110184 0.8656365568301705 0.904717051982382 0.9378371573975798 0.9757218864350568 0.9900015191181772 1.034813119653258 1.0789549483188827 1.1084412904396834 1.1488608850925108 1.184045861932837 1.2899142564623554 1.3237642153681077 1.3452668852606067 1.5104873537009045
62 2295 -0.5683430967631092 -0.12304993002634056 0.10987093920400472 0.5916604808512395 0.25856384880136385 0.5965367307337806 0.6780865709738163 0.7098176955580234 0.75555890686639 0.7677611589008809 0.8229610646724577 0.8387638943110184 0.8656365568301705 0.904717051982382 0.9378371573975798 0.9757218864350568 0.9900015191181772 1.034813119653258 1.0789549483188827 1.1084412904396834 1.1488608850925108 1.184045861932837 1.2899142564623554 1.3237642153681077 1.3452668852606067 1.5104873537009045
63 2332 -0.5508918559275112 -0.12429659981092883 0.12547080133704963 0.6145504089891618 0.25856384880136385 0.5965367307337806 0.6780865709738163 0.7098176955580234 0.75555890686639 0.7677611589008809 0.8229610646724577 0.8387638943110184 0.8656365568301705 0.904717051982382 0.9378371573975798 0.9757218864350568 0.9900015191181772 1.034813119653258 1.0789549483188827 1.1084412904396834 1.1488608850925108 1.184045861932837 1.2899142564623554 1.3237642153681077 1.3452668852606067 1.5104873537009045
64 2369 -0.5632066517336747 -0.13282304989338312 0.13061567840792718 0.6270518591193119 0.25856384880136385 0.5965367307337806 0.6780865709738163 0.7098176955580234 0.75555890686639 0.7677611589008809 0.8229610646724577 0.8387638943110184 0.8656365568301705 0.904717051982382 0.9378371573975798 0.9757218864350568 0.9900015191181772 1.034813119653258 1.0789549483188827 1.1084412904396834 1.1488608850925108 1.184045861932837 1.2899142564623554 1.3237642153681077 1.3452668852606067 1.5104873537009045
65 2406 -0.5520851343767246 -0.1336647711461009 0.13135214557947011 0.6333291560141656 0.25856384880136385 0.5965367307337806 0.6780865709738163 0.7098176955580234 0.75555890686639 0.7677611589008809 0.8229610646724577 0.8387638943110184 0.8656365568301705 0.904717051982382 0.9378371573975798 0.9757218864350568 0.9900015191181772 1.034813119653258 1.0789549483188827 1.1084412904396834 1.1488608850925108 1.184045861932837 1.2899142564623554 1.3237642153681077 1.3452668852606067 1.5104873537009045
66 2443 -0.5582192293217102 -0.13419879588884173 0.13405801640496773 0.6464093128185686 0.25856384880136385 0.5965367307337806 0.6780865709738163 0.7098176955580234 0.75555890686639 0.7677611589008809 0.8229610646724577 0.8387638943110184 0.8656365568301705 0.904717051982382 0.9378371573975798 0.9757218864350568 0.9900015191181772 1.034813119653258 1.0789549483188827 1.1084412904396834 1.1488608850925108 1.184045861932837 1.2899142564623554 1.3237642153681077 1.3452668852606067 1.5104873537009045
67 2480 -0.5564156419247634 -0.1290019501111003 0.13778677669929318 0.6572175208484661 0.15198127211765122 0.4253413866104079 0.5069686319378349 0.5964709605537556 0.6584205027577348 0.70048259777806 0.7182055806269351 0.7392041214422812 0.7784701029946117 0.8284677599239648 0.8403020742166883 0.8917586033708882 0.9129608098703299 0.9339800223902168 1.0459555326940249 1.059511200626625 1.1172829919074365 1.2408920788818045 1.2503647922846308 1.334898703645257 1.431403772676644 2.073214828424471
68 2517 -0.5510426970700906 -0.12278485590097798 0.12852268379211587 0.645987933411922 0.15198127211765122 0.4253413866104079 0.5069686319378349 0.5964709605537556 0.6584205027577348 0.70048259777806 0.7182055806269351 0.7392041214422812 0.7784701029946117 0.8284677599239648 0.8403020742166883 0.8917586033708882 0.9129608098703299 0.9339800223902168 1.0459555326940249 1.059511200626625 1.1172829919074365 1.2408920788818045 1.2503647922846308 1.334898703645257 1.431403772676644 2.073214828424471
