% # columns="iteration, evaluation, sigma, axis ratio, bestever, best, median, worst objective function value, interquartile range, 25%tile, current best feasible f-value, further/more values", seed=1034448, Mon Nov 24 21:49:53 2025, <python>{}</python>
1 38 2.2685147540223665 1.0000477284116918 1.5110808953532224 2.2174582587644904e+00 12.123430855865646 44.67201097056021 20.204727775839345 6.206884966705106 nan   
2 75 2.148220798273652 1.139949061626267 1.5110808953532224 2.2700166806388116e+00 10.081657950215773 40.293343074270915 17.49023811181135 5.6551966939420275 nan   
3 112 1.9308937616452744 1.18995422245019 1.5110808953532224 3.1041068672774310e+00 10.51749582958055 61.93132092802771 9.66121244507206 7.230232061321544 nan   
4 149 1.7386851453282361 1.2619640295799512 1.5110808953532224 2.0239107532324421e+00 9.153911618947602 29.523988938985028 9.681172790963089 6.174554245474462 nan   
5 186 1.6535865092720967 1.338264080284519 1.5110808953532224 2.2896735263367476e+00 6.815263186393066 26.623651623500873 6.871253914788192 4.7329559708465405 nan   
6 223 1.6172759875995473 1.399045633340848 1.5110808953532224 1.5259598307134943e+00 8.488100863927613 35.69568979215356 8.032061883441576 5.26089553962111 nan   
7 260 1.5092907785408776 1.4719692407624845 1.5110808953532224 1.6456302250966051e+00 9.042762128237321 35.63191352230062 8.51637170973967 6.114835400463533 nan   
8 297 1.39831455087118 1.580093190188964 1.5110808953532224 1.7870545918031542e+00 5.733568819280356 32.801211559947895 5.880689474913627 3.475791161741814 nan   
9 334 1.2885181632748945 1.6312325339631109 1.5110808953532224 1.8189283042114708e+00 5.994548026035274 28.099648183179045 7.260131683337808 3.0160379901016023 nan   
10 371 1.188735771974815 1.737449711319496 1.5110808953532224 1.7597822790773336e+00 4.428778230369489 18.160047422019222 3.98147048272476 2.9215040006863915 nan   
11 408 1.1303440915859901 1.8066142080183833 1.5110808953532224 1.6813709525046978e+00 3.2283173400218574 17.695524951364916 4.035667852814646 2.7327120381995926 nan   
12 445 1.0651877744385727 1.8963463115365526 1.5110808953532224 1.5887628533846383e+00 3.456337817213054 10.643740383458733 4.092094793533265 2.311991650713343 nan   
13 482 1.032292915814489 1.950579905468682 1.4427107645379595 1.4427107645379595e+00 5.428825237893365 15.008555316097377 5.849577575279725 2.34245864116395 nan   
14 519 0.9436692724052079 2.0393357079232555 1.359849165163408 1.3598491651634079e+00 3.1099449702693445 9.670950011615595 3.1001177079961084 2.0062605795245205 nan   
15 556 0.9439962193590838 2.0830216370951833 1.359849165163408 1.5418220755491638e+00 3.639100322056954 7.502318975269689 2.0233874903070648 2.3277158903211577 nan   
16 593 0.9155041354866087 2.140450143736377 1.359849165163408 1.5090925622487210e+00 2.797596772065846 8.607424739544468 1.4149434445045816 2.1723929114868383 nan   
17 630 0.8770761347809596 2.2324593016278986 1.359849165163408 1.5559296307591224e+00 2.7239341938868753 8.165579875445433 3.247397235850761 2.1205596434192038 nan   
18 667 0.7856791808311384 2.3027136189047352 1.3486263327365804 1.3486263327365804e+00 2.8410367334316695 11.598915212386398 2.0108716293231463 2.080647833367867 nan   
19 704 0.7952301986493159 2.4108725484390696 1.3486263327365804 1.5241798722259301e+00 2.7709375120746604 7.78704012605319 2.1583623160387315 1.7434102746206641 nan   
20 741 0.7799493664436259 2.56591000561675 1.3390114026785185 1.3390114026785185e+00 2.456531314726337 7.248058428323141 1.9226909208307497 1.801522906533608 nan   
21 778 0.7752186663938334 2.664344910812238 1.3390114026785185 1.4688312815344020e+00 2.147559696993076 8.10027733162049 1.0787566918362763 1.7694182327795283 nan   
22 815 0.7172170329098493 2.7515906302483613 1.3390114026785185 1.3501710942937628e+00 2.5373718596409502 198.5104145772722 2.2354743792664014 1.7406598398585693 nan   
23 852 0.6545335001501619 2.8973019676552223 1.3390114026785185 1.4075971323503980e+00 2.571513091485541 9.349508058929008 1.2877929758802544 1.9798212521730938 nan   
24 889 0.6304163067325129 3.046534533523017 1.3390114026785185 1.3474028169350112e+00 1.9372356870445695 4.934988526108092 1.0795916055490506 1.6482091341473284 nan   
25 926 0.6040943998118469 3.1617453410010805 1.3390114026785185 1.3547200507426551e+00 2.1032170858682058 3.6391132318016286 1.0644989007199634 1.672437089764955 nan   
26 963 0.5531010902923831 3.2422285231652617 1.3390114026785185 1.4052699616381121e+00 1.9356291671060193 6.870690788261522 1.2231100584044379 1.6045841344525535 nan   
27 1000 0.52640432712613 3.433691598538767 1.3390114026785185 1.3450571047270476e+00 2.047599137212568 4.833400240044619 0.8719154597328598 1.7206150584174549 nan   
28 1037 0.5031734125912811 3.61400135398476 1.3390114026785185 1.3594027597679958e+00 1.7452652788708858 2.9728852124964575 0.5735286128351222 1.5616106862205479 nan   
29 1074 0.4987214313638908 3.6941820343323317 1.3389928084847225 1.3389928084847225e+00 1.8845286326483448 3.8912538583704603 0.9172603458193633 1.5836392358556413 nan   
30 1111 0.4964396290378963 3.953937374876276 1.3389928084847225 1.3541182268837464e+00 1.7825955756779046 3.3129564739657664 0.8245262812174017 1.477920385112881 nan   
31 1148 0.4855619440311774 4.208822770659278 1.301258554777162 1.3012585547771620e+00 1.6235804889569685 3.1554122417420842 0.5589202554998225 1.4485619312818867 nan   
32 1185 0.45451668174250554 4.3828664928157774 1.2961330375010744 1.2961330375010744e+00 1.7063394211969833 3.316330786216859 0.46372152632465924 1.4836824634448693 nan   
33 1222 0.4470777056223291 4.59920108887677 1.2961330375010744 1.3303530702731214e+00 1.560198669482024 2.9615630794283527 0.6708076522947648 1.417927582733629 nan   
34 1259 0.4351141465095078 4.8508489163324375 1.2961330375010744 1.2964504781438964e+00 1.5727040410691067 2.5496090415815447 0.329013085267174 1.4430441780862036 nan   
35 1296 0.4294269937258129 5.040923779658804 1.2830479548166223 1.2830479548166223e+00 1.5613748897657773 2.7143366398078896 0.40904711591457676 1.3880950560383027 nan   
36 1333 0.44407076006484764 5.22932705641784 1.2830479548166223 1.2886345122032568e+00 1.481741751527677 160.98030004992506 0.4006427189775328 1.4039791519481026 nan   
37 1370 0.5019212677584859 5.493667595100094 1.2623636585622062 1.2623636585622062e+00 1.453917212875909 2.043929897574267 0.21318769423101402 1.3774420240705192 nan   
38 1407 0.525968836477233 5.666817235481339 1.2280285371159443 1.2280285371159443e+00 1.4178274741953467 2.6990329697162796 0.3435524050731946 1.3432615216732804 nan   
39 1444 0.5101312383497673 6.02360922944514 1.2280285371159443 1.2462240827244606e+00 1.490846409014307 3.894182380823452 0.5090773151459018 1.3208165637228784 nan   
40 1481 0.5000405131859071 6.285930454230951 1.227434484490722 1.2274344844907219e+00 1.4951422208860883 2.2319848698600753 0.4213305879608613 1.3341509714561943 nan   
41 1518 0.4950856524515976 6.599197971241579 1.227434484490722 1.2724524851243841e+00 1.6220577055328151 2.6350061895052876 0.44341307837417654 1.4352937395013903 nan   
42 1555 0.5244652867260784 7.038129859441997 1.227434484490722 1.2304432116685495e+00 1.4006310513284699 3.1242103836408583 0.30581860040872133 1.3232968783033807 nan   
43 1592 0.511674255963729 7.309593493264604 1.227434484490722 1.2608401047848212e+00 1.5919544067301363 2.3847590006543062 0.37636789261158965 1.3703075359164365 nan   
44 1629 0.49768849125707054 7.5751032411312265 1.2050493175405537 1.2050493175405537e+00 1.5249012065338994 3.230738319573408 0.3989072287383306 1.3236475574865503 nan   
45 1666 0.4814188230517275 8.079329837939794 1.2050493175405537 1.2187319161729913e+00 1.4180780813974 2.247775951512344 0.30494339546173954 1.3306175901390276 nan   
46 1703 0.481766777907062 8.666366684470832 1.2050493175405537 1.2616272256095475e+00 1.4132785812483037 2.084074384543179 0.2573200013165835 1.320238306064326 nan   
47 1740 0.5076301632931983 9.197016278115646 1.2050493175405537 1.2357802454160542e+00 1.3307635263045658 2.2089011587547054 0.20988028454401597 1.2746612242042181 nan   
48 1777 0.5455719533612052 9.996007187057035 1.1867745066715096 1.1867745066715096e+00 1.414320815384679 1.8567563096117543 0.28192773417605066 1.3095386972220753 nan   
49 1814 0.5744117505120878 10.765262915564156 1.1560600830377556 1.1560600830377556e+00 1.345270033832323 60.2309154489447 0.3872410346822437 1.2807163189066921 nan   
50 1851 0.5699323424896344 11.496506989236943 1.1560600830377556 1.2000153798670610e+00 1.3368202746557563 60297.84855214801 0.2887268486501675 1.265229535597097 nan   
51 1888 0.5938940000562453 11.984222999418437 1.1560600830377556 1.1604306919257616e+00 1.368722504570493 1.8541497835826948 0.3062701473807117 1.2364388867635574 nan   
52 1925 0.6198967082864627 12.838139571460264 1.1532124825123802 1.1532124825123802e+00 1.3605652427034132 13.980778446551916 0.3512801924552045 1.244278506855961 nan   
53 1962 0.6303101113782195 13.458138016009325 1.1532124825123802 1.1739597409566846e+00 1.4118284036544382 16.200516473817448 0.2705779567124029 1.2522996779531166 nan   
54 1999 0.6429487114925719 14.149443524998235 1.1095857227146488 1.1095857227146488e+00 1.259266883178792 2.0192677766514935 0.19709831294388147 1.193928140773696 nan   
55 2036 0.6612334026023089 14.963875215819964 1.1095857227146488 1.1187971551959053e+00 1.241830424000943 2.2532627738342805 0.1859759824794316 1.1715247722115056 nan   
56 2073 0.6769533572268757 15.826066884059214 1.0117546548136271 1.0117546548136271e+00 1.338335083743151 2.3257624404723303 0.30472346404951267 1.2128134676059872 nan   
57 2110 0.7558896506569405 16.86186070577235 1.0117546548136271 1.0155221847517271e+00 1.237927331843679 2.430228933783249 0.23727157035997504 1.1713937114138984 nan   
58 2147 0.780344848694973 18.789239360532438 1.007823030597228 1.0078230305972280e+00 1.226162725624014 2.332500684847676 0.3045111176532913 1.1433132384326936 nan   
59 2184 0.8192205944219847 19.995142262002844 0.9930817029339235 9.9308170293392350e-01 1.2478562331780616 2.623649083086809 0.4286697061573572 1.1292520428601929 nan   
60 2221 0.8605981510241549 20.9505221079643 0.8472492307296517 8.4724923072965175e-01 1.3058666745079732 2.142982875071776 0.31835507467680046 1.1323887043908478 nan   
61 2258 0.9408089349458544 21.95945880114869 0.8299129550758217 8.2991295507582175e-01 1.3018815155246284 2.255140220097669 0.40512032614920424 1.1257736904731146 nan   
62 2295 1.0512295395430469 23.173431847618676 0.7531245919282187 7.5312459192821868e-01 1.2065330521120756 2.4355101360177875 0.42976035159669546 1.0426148033686107 nan   
63 2332 1.109334414971385 24.69202322946481 0.7531245919282187 7.9581403979314835e-01 1.2001263672956928 3.389368630502135 0.5524705760450374 0.9758802267799666 nan   
64 2369 1.1410167624582943 25.909077640806 0.6901757593021549 6.9017575930215491e-01 1.249683568687218 2.8081343077000867 0.5828677977194078 0.9938181629639734 nan   
65 2406 1.0721190447115025 27.59532880970917 0.6901757593021549 7.5102100474772093e-01 1.3296259599474094 5.641380746149974 0.7482966705871348 1.0189920003448836 nan   
66 2443 1.0573249772860904 28.11533467557135 0.5532218389385283 5.5322183893852828e-01 1.0430864356406537 9.345257314644687 0.6950734154040175 0.8586288395731019 nan   
67 2480 1.0739769084721804 28.985563822258317 0.4814022475338899 4.8140224753388988e-01 1.2950964762137225 93682.7627336024 1.2323844248673004 0.987566725467371 nan   
68 2517 1.0590330289636902 29.72258574834688 0.4814022475338899 6.1889211448193582e-01 1.2852685061150035 173.59334551012995 1.5785066379263604 0.9562010993672787 nan   
