% # columns="iteration, evaluation, sigma, beta, void,  sigvec==sigma_vec.scaling factors from diagonal decoding", seed=1034448, Mon Nov 24 21:49:53 2025, <python>{}</python>
1 38 2.2685147540223665 1 0 10.394848291834325 1.4192851040746453 0.5414669870000001 4.5006963415599515 1.2503928452541706 5.501372740973539 1.6854928295794145 0.05 0.509330749 0.05 0.314555179 1.900381333750573 2.3724091021400433 1.4128841489049446 2.4254305489992305 1.807484728994815 1.8303233417825449 1.4760598511148664 0.05 4.033421226389127 0.05 2.468810207952237
2 75 2.148220798273652 1 0 10.394848291834325 1.4192851040746453 0.5414669870000001 4.5006963415599515 1.2503928452541706 5.501372740973539 1.6854928295794145 0.05 0.509330749 0.05 0.314555179 1.900381333750573 2.3724091021400433 1.4128841489049446 2.4254305489992305 1.807484728994815 1.8303233417825449 1.4760598511148664 0.05 4.033421226389127 0.05 2.468810207952237
3 112 1.9308937616452744 1 0 10.394848291834325 1.4192851040746453 0.5414669870000001 4.5006963415599515 1.2503928452541706 5.501372740973539 1.6854928295794145 0.05 0.509330749 0.05 0.314555179 1.900381333750573 2.3724091021400433 1.4128841489049446 2.4254305489992305 1.807484728994815 1.8303233417825449 1.4760598511148664 0.05 4.033421226389127 0.05 2.468810207952237
4 149 1.7386851453282361 1 0 10.394848291834325 1.4192851040746453 0.5414669870000001 4.5006963415599515 1.2503928452541706 5.501372740973539 1.6854928295794145 0.05 0.509330749 0.05 0.314555179 1.900381333750573 2.3724091021400433 1.4128841489049446 2.4254305489992305 1.807484728994815 1.8303233417825449 1.4760598511148664 0.05 4.033421226389127 0.05 2.468810207952237
5 186 1.6535865092720967 1 0 10.394848291834325 1.4192851040746453 0.5414669870000001 4.5006963415599515 1.2503928452541706 5.501372740973539 1.6854928295794145 0.05 0.509330749 0.05 0.314555179 1.900381333750573 2.3724091021400433 1.4128841489049446 2.4254305489992305 1.807484728994815 1.8303233417825449 1.4760598511148664 0.05 4.033421226389127 0.05 2.468810207952237
6 223 1.6172759875995473 1 0 10.394848291834325 1.4192851040746453 0.5414669870000001 4.5006963415599515 1.2503928452541706 5.501372740973539 1.6854928295794145 0.05 0.509330749 0.05 0.314555179 1.900381333750573 2.3724091021400433 1.4128841489049446 2.4254305489992305 1.807484728994815 1.8303233417825449 1.4760598511148664 0.05 4.033421226389127 0.05 2.468810207952237
7 260 1.5092907785408776 1 0 10.394848291834325 1.4192851040746453 0.5414669870000001 4.5006963415599515 1.2503928452541706 5.501372740973539 1.6854928295794145 0.05 0.509330749 0.05 0.314555179 1.900381333750573 2.3724091021400433 1.4128841489049446 2.4254305489992305 1.807484728994815 1.8303233417825449 1.4760598511148664 0.05 4.033421226389127 0.05 2.468810207952237
8 297 1.39831455087118 1 0 10.394848291834325 1.4192851040746453 0.5414669870000001 4.5006963415599515 1.2503928452541706 5.501372740973539 1.6854928295794145 0.05 0.509330749 0.05 0.314555179 1.900381333750573 2.3724091021400433 1.4128841489049446 2.4254305489992305 1.807484728994815 1.8303233417825449 1.4760598511148664 0.05 4.033421226389127 0.05 2.468810207952237
9 334 1.2885181632748945 1 0 10.394848291834325 1.4192851040746453 0.5414669870000001 4.5006963415599515 1.2503928452541706 5.501372740973539 1.6854928295794145 0.05 0.509330749 0.05 0.314555179 1.900381333750573 2.3724091021400433 1.4128841489049446 2.4254305489992305 1.807484728994815 1.8303233417825449 1.4760598511148664 0.05 4.033421226389127 0.05 2.468810207952237
10 371 1.188735771974815 1 0 10.394848291834325 1.4192851040746453 0.5414669870000001 4.5006963415599515 1.2503928452541706 5.501372740973539 1.6854928295794145 0.05 0.509330749 0.05 0.314555179 1.900381333750573 2.3724091021400433 1.4128841489049446 2.4254305489992305 1.807484728994815 1.8303233417825449 1.4760598511148664 0.05 4.033421226389127 0.05 2.468810207952237
11 408 1.1303440915859901 1 0 10.394848291834325 1.4192851040746453 0.5414669870000001 4.5006963415599515 1.2503928452541706 5.501372740973539 1.6854928295794145 0.05 0.509330749 0.05 0.314555179 1.900381333750573 2.3724091021400433 1.4128841489049446 2.4254305489992305 1.807484728994815 1.8303233417825449 1.4760598511148664 0.05 4.033421226389127 0.05 2.468810207952237
12 445 1.0651877744385727 1 0 10.394848291834325 1.4192851040746453 0.5414669870000001 4.5006963415599515 1.2503928452541706 5.501372740973539 1.6854928295794145 0.05 0.509330749 0.05 0.314555179 1.900381333750573 2.3724091021400433 1.4128841489049446 2.4254305489992305 1.807484728994815 1.8303233417825449 1.4760598511148664 0.05 4.033421226389127 0.05 2.468810207952237
13 482 1.032292915814489 1 0 10.394848291834325 1.4192851040746453 0.5414669870000001 4.5006963415599515 1.2503928452541706 5.501372740973539 1.6854928295794145 0.05 0.509330749 0.05 0.314555179 1.900381333750573 2.3724091021400433 1.4128841489049446 2.4254305489992305 1.807484728994815 1.8303233417825449 1.4760598511148664 0.05 4.033421226389127 0.05 2.468810207952237
14 519 0.9436692724052079 1 0 10.394848291834325 1.4192851040746453 0.5414669870000001 4.5006963415599515 1.2503928452541706 5.501372740973539 1.6854928295794145 0.05 0.509330749 0.05 0.314555179 1.900381333750573 2.3724091021400433 1.4128841489049446 2.4254305489992305 1.807484728994815 1.8303233417825449 1.4760598511148664 0.05 4.033421226389127 0.05 2.468810207952237
15 556 0.9439962193590838 1 0 10.394848291834325 1.4192851040746453 0.5414669870000001 4.5006963415599515 1.2503928452541706 5.501372740973539 1.6854928295794145 0.05 0.509330749 0.05 0.314555179 1.900381333750573 2.3724091021400433 1.4128841489049446 2.4254305489992305 1.807484728994815 1.8303233417825449 1.4760598511148664 0.05 4.033421226389127 0.05 2.468810207952237
16 593 0.9155041354866087 1 0 10.394848291834325 1.4192851040746453 0.5414669870000001 4.5006963415599515 1.2503928452541706 5.501372740973539 1.6854928295794145 0.05 0.509330749 0.05 0.314555179 1.900381333750573 2.3724091021400433 1.4128841489049446 2.4254305489992305 1.807484728994815 1.8303233417825449 1.4760598511148664 0.05 4.033421226389127 0.05 2.468810207952237
17 630 0.8770761347809596 1 0 10.394848291834325 1.4192851040746453 0.5414669870000001 4.5006963415599515 1.2503928452541706 5.501372740973539 1.6854928295794145 0.05 0.509330749 0.05 0.314555179 1.900381333750573 2.3724091021400433 1.4128841489049446 2.4254305489992305 1.807484728994815 1.8303233417825449 1.4760598511148664 0.05 4.033421226389127 0.05 2.468810207952237
18 667 0.7856791808311384 1 0 10.394848291834325 1.4192851040746453 0.5414669870000001 4.5006963415599515 1.2503928452541706 5.501372740973539 1.6854928295794145 0.05 0.509330749 0.05 0.314555179 1.900381333750573 2.3724091021400433 1.4128841489049446 2.4254305489992305 1.807484728994815 1.8303233417825449 1.4760598511148664 0.05 4.033421226389127 0.05 2.468810207952237
19 704 0.7952301986493159 1 0 10.394848291834325 1.4192851040746453 0.5414669870000001 4.5006963415599515 1.2503928452541706 5.501372740973539 1.6854928295794145 0.05 0.509330749 0.05 0.314555179 1.900381333750573 2.3724091021400433 1.4128841489049446 2.4254305489992305 1.807484728994815 1.8303233417825449 1.4760598511148664 0.05 4.033421226389127 0.05 2.468810207952237
20 741 0.7799493664436259 1 0 10.394848291834325 1.4192851040746453 0.5414669870000001 4.5006963415599515 1.2503928452541706 5.501372740973539 1.6854928295794145 0.05 0.509330749 0.05 0.314555179 1.900381333750573 2.3724091021400433 1.4128841489049446 2.4254305489992305 1.807484728994815 1.8303233417825449 1.4760598511148664 0.05 4.033421226389127 0.05 2.468810207952237
21 778 0.7752186663938334 1 0 10.394848291834325 1.4192851040746453 0.5414669870000001 4.5006963415599515 1.2503928452541706 5.501372740973539 1.6854928295794145 0.05 0.509330749 0.05 0.314555179 1.900381333750573 2.3724091021400433 1.4128841489049446 2.4254305489992305 1.807484728994815 1.8303233417825449 1.4760598511148664 0.05 4.033421226389127 0.05 2.468810207952237
22 815 0.7172170329098493 1 0 10.394848291834325 1.4192851040746453 0.5414669870000001 4.5006963415599515 1.2503928452541706 5.501372740973539 1.6854928295794145 0.05 0.509330749 0.05 0.314555179 1.900381333750573 2.3724091021400433 1.4128841489049446 2.4254305489992305 1.807484728994815 1.8303233417825449 1.4760598511148664 0.05 4.033421226389127 0.05 2.468810207952237
23 852 0.6545335001501619 1 0 10.394848291834325 1.4192851040746453 0.5414669870000001 4.5006963415599515 1.2503928452541706 5.501372740973539 1.6854928295794145 0.05 0.509330749 0.05 0.314555179 1.900381333750573 2.3724091021400433 1.4128841489049446 2.4254305489992305 1.807484728994815 1.8303233417825449 1.4760598511148664 0.05 4.033421226389127 0.05 2.468810207952237
24 889 0.6304163067325129 1 0 10.394848291834325 1.4192851040746453 0.5414669870000001 4.5006963415599515 1.2503928452541706 5.501372740973539 1.6854928295794145 0.05 0.509330749 0.05 0.314555179 1.900381333750573 2.3724091021400433 1.4128841489049446 2.4254305489992305 1.807484728994815 1.8303233417825449 1.4760598511148664 0.05 4.033421226389127 0.05 2.468810207952237
25 926 0.6040943998118469 1 0 10.394848291834325 1.4192851040746453 0.5414669870000001 4.5006963415599515 1.2503928452541706 5.501372740973539 1.6854928295794145 0.05 0.509330749 0.05 0.314555179 1.900381333750573 2.3724091021400433 1.4128841489049446 2.4254305489992305 1.807484728994815 1.8303233417825449 1.4760598511148664 0.05 4.033421226389127 0.05 2.468810207952237
26 963 0.5531010902923831 1 0 10.394848291834325 1.4192851040746453 0.5414669870000001 4.5006963415599515 1.2503928452541706 5.501372740973539 1.6854928295794145 0.05 0.509330749 0.05 0.314555179 1.900381333750573 2.3724091021400433 1.4128841489049446 2.4254305489992305 1.807484728994815 1.8303233417825449 1.4760598511148664 0.05 4.033421226389127 0.05 2.468810207952237
27 1000 0.52640432712613 1 0 10.394848291834325 1.4192851040746453 0.5414669870000001 4.5006963415599515 1.2503928452541706 5.501372740973539 1.6854928295794145 0.05 0.509330749 0.05 0.314555179 1.900381333750573 2.3724091021400433 1.4128841489049446 2.4254305489992305 1.807484728994815 1.8303233417825449 1.4760598511148664 0.05 4.033421226389127 0.05 2.468810207952237
28 1037 0.5031734125912811 1 0 10.394848291834325 1.4192851040746453 0.5414669870000001 4.5006963415599515 1.2503928452541706 5.501372740973539 1.6854928295794145 0.05 0.509330749 0.05 0.314555179 1.900381333750573 2.3724091021400433 1.4128841489049446 2.4254305489992305 1.807484728994815 1.8303233417825449 1.4760598511148664 0.05 4.033421226389127 0.05 2.468810207952237
29 1074 0.4987214313638908 1 0 10.394848291834325 1.4192851040746453 0.5414669870000001 4.5006963415599515 1.2503928452541706 5.501372740973539 1.6854928295794145 0.05 0.509330749 0.05 0.314555179 1.900381333750573 2.3724091021400433 1.4128841489049446 2.4254305489992305 1.807484728994815 1.8303233417825449 1.4760598511148664 0.05 4.033421226389127 0.05 2.468810207952237
30 1111 0.4964396290378963 1 0 10.394848291834325 1.4192851040746453 0.5414669870000001 4.5006963415599515 1.2503928452541706 5.501372740973539 1.6854928295794145 0.05 0.509330749 0.05 0.314555179 1.900381333750573 2.3724091021400433 1.4128841489049446 2.4254305489992305 1.807484728994815 1.8303233417825449 1.4760598511148664 0.05 4.033421226389127 0.05 2.468810207952237
31 1148 0.4855619440311774 1 0 10.394848291834325 1.4192851040746453 0.5414669870000001 4.5006963415599515 1.2503928452541706 5.501372740973539 1.6854928295794145 0.05 0.509330749 0.05 0.314555179 1.900381333750573 2.3724091021400433 1.4128841489049446 2.4254305489992305 1.807484728994815 1.8303233417825449 1.4760598511148664 0.05 4.033421226389127 0.05 2.468810207952237
32 1185 0.45451668174250554 1 0 10.394848291834325 1.4192851040746453 0.5414669870000001 4.5006963415599515 1.2503928452541706 5.501372740973539 1.6854928295794145 0.05 0.509330749 0.05 0.314555179 1.900381333750573 2.3724091021400433 1.4128841489049446 2.4254305489992305 1.807484728994815 1.8303233417825449 1.4760598511148664 0.05 4.033421226389127 0.05 2.468810207952237
33 1222 0.4470777056223291 1 0 10.394848291834325 1.4192851040746453 0.5414669870000001 4.5006963415599515 1.2503928452541706 5.501372740973539 1.6854928295794145 0.05 0.509330749 0.05 0.314555179 1.900381333750573 2.3724091021400433 1.4128841489049446 2.4254305489992305 1.807484728994815 1.8303233417825449 1.4760598511148664 0.05 4.033421226389127 0.05 2.468810207952237
34 1259 0.4351141465095078 1 0 10.394848291834325 1.4192851040746453 0.5414669870000001 4.5006963415599515 1.2503928452541706 5.501372740973539 1.6854928295794145 0.05 0.509330749 0.05 0.314555179 1.900381333750573 2.3724091021400433 1.4128841489049446 2.4254305489992305 1.807484728994815 1.8303233417825449 1.4760598511148664 0.05 4.033421226389127 0.05 2.468810207952237
35 1296 0.4294269937258129 1 0 10.394848291834325 1.4192851040746453 0.5414669870000001 4.5006963415599515 1.2503928452541706 5.501372740973539 1.6854928295794145 0.05 0.509330749 0.05 0.314555179 1.900381333750573 2.3724091021400433 1.4128841489049446 2.4254305489992305 1.807484728994815 1.8303233417825449 1.4760598511148664 0.05 4.033421226389127 0.05 2.468810207952237
36 1333 0.44407076006484764 1 0 10.394848291834325 1.4192851040746453 0.5414669870000001 4.5006963415599515 1.2503928452541706 5.501372740973539 1.6854928295794145 0.05 0.509330749 0.05 0.314555179 1.900381333750573 2.3724091021400433 1.4128841489049446 2.4254305489992305 1.807484728994815 1.8303233417825449 1.4760598511148664 0.05 4.033421226389127 0.05 2.468810207952237
37 1370 0.5019212677584859 1 0 10.394848291834325 1.4192851040746453 0.5414669870000001 4.5006963415599515 1.2503928452541706 5.501372740973539 1.6854928295794145 0.05 0.509330749 0.05 0.314555179 1.900381333750573 2.3724091021400433 1.4128841489049446 2.4254305489992305 1.807484728994815 1.8303233417825449 1.4760598511148664 0.05 4.033421226389127 0.05 2.468810207952237
38 1407 0.525968836477233 1 0 10.394848291834325 1.4192851040746453 0.5414669870000001 4.5006963415599515 1.2503928452541706 5.501372740973539 1.6854928295794145 0.05 0.509330749 0.05 0.314555179 1.900381333750573 2.3724091021400433 1.4128841489049446 2.4254305489992305 1.807484728994815 1.8303233417825449 1.4760598511148664 0.05 4.033421226389127 0.05 2.468810207952237
39 1444 0.5101312383497673 1 0 10.394848291834325 1.4192851040746453 0.5414669870000001 4.5006963415599515 1.2503928452541706 5.501372740973539 1.6854928295794145 0.05 0.509330749 0.05 0.314555179 1.900381333750573 2.3724091021400433 1.4128841489049446 2.4254305489992305 1.807484728994815 1.8303233417825449 1.4760598511148664 0.05 4.033421226389127 0.05 2.468810207952237
40 1481 0.5000405131859071 1 0 10.394848291834325 1.4192851040746453 0.5414669870000001 4.5006963415599515 1.2503928452541706 5.501372740973539 1.6854928295794145 0.05 0.509330749 0.05 0.314555179 1.900381333750573 2.3724091021400433 1.4128841489049446 2.4254305489992305 1.807484728994815 1.8303233417825449 1.4760598511148664 0.05 4.033421226389127 0.05 2.468810207952237
41 1518 0.4950856524515976 1 0 10.394848291834325 1.4192851040746453 0.5414669870000001 4.5006963415599515 1.2503928452541706 5.501372740973539 1.6854928295794145 0.05 0.509330749 0.05 0.314555179 1.900381333750573 2.3724091021400433 1.4128841489049446 2.4254305489992305 1.807484728994815 1.8303233417825449 1.4760598511148664 0.05 4.033421226389127 0.05 2.468810207952237
42 1555 0.5244652867260784 1 0 10.394848291834325 1.4192851040746453 0.5414669870000001 4.5006963415599515 1.2503928452541706 5.501372740973539 1.6854928295794145 0.05 0.509330749 0.05 0.314555179 1.900381333750573 2.3724091021400433 1.4128841489049446 2.4254305489992305 1.807484728994815 1.8303233417825449 1.4760598511148664 0.05 4.033421226389127 0.05 2.468810207952237
43 1592 0.511674255963729 1 0 10.394848291834325 1.4192851040746453 0.5414669870000001 4.5006963415599515 1.2503928452541706 5.501372740973539 1.6854928295794145 0.05 0.509330749 0.05 0.314555179 1.900381333750573 2.3724091021400433 1.4128841489049446 2.4254305489992305 1.807484728994815 1.8303233417825449 1.4760598511148664 0.05 4.033421226389127 0.05 2.468810207952237
44 1629 0.49768849125707054 1 0 10.394848291834325 1.4192851040746453 0.5414669870000001 4.5006963415599515 1.2503928452541706 5.501372740973539 1.6854928295794145 0.05 0.509330749 0.05 0.314555179 1.900381333750573 2.3724091021400433 1.4128841489049446 2.4254305489992305 1.807484728994815 1.8303233417825449 1.4760598511148664 0.05 4.033421226389127 0.05 2.468810207952237
45 1666 0.4814188230517275 1 0 10.394848291834325 1.4192851040746453 0.5414669870000001 4.5006963415599515 1.2503928452541706 5.501372740973539 1.6854928295794145 0.05 0.509330749 0.05 0.314555179 1.900381333750573 2.3724091021400433 1.4128841489049446 2.4254305489992305 1.807484728994815 1.8303233417825449 1.4760598511148664 0.05 4.033421226389127 0.05 2.468810207952237
46 1703 0.481766777907062 1 0 10.394848291834325 1.4192851040746453 0.5414669870000001 4.5006963415599515 1.2503928452541706 5.501372740973539 1.6854928295794145 0.05 0.509330749 0.05 0.314555179 1.900381333750573 2.3724091021400433 1.4128841489049446 2.4254305489992305 1.807484728994815 1.8303233417825449 1.4760598511148664 0.05 4.033421226389127 0.05 2.468810207952237
47 1740 0.5076301632931983 1 0 10.394848291834325 1.4192851040746453 0.5414669870000001 4.5006963415599515 1.2503928452541706 5.501372740973539 1.6854928295794145 0.05 0.509330749 0.05 0.314555179 1.900381333750573 2.3724091021400433 1.4128841489049446 2.4254305489992305 1.807484728994815 1.8303233417825449 1.4760598511148664 0.05 4.033421226389127 0.05 2.468810207952237
48 1777 0.5455719533612052 1 0 10.394848291834325 1.4192851040746453 0.5414669870000001 4.5006963415599515 1.2503928452541706 5.501372740973539 1.6854928295794145 0.05 0.509330749 0.05 0.314555179 1.900381333750573 2.3724091021400433 1.4128841489049446 2.4254305489992305 1.807484728994815 1.8303233417825449 1.4760598511148664 0.05 4.033421226389127 0.05 2.468810207952237
49 1814 0.5744117505120878 1 0 10.394848291834325 1.4192851040746453 0.5414669870000001 4.5006963415599515 1.2503928452541706 5.501372740973539 1.6854928295794145 0.05 0.509330749 0.05 0.314555179 1.900381333750573 2.3724091021400433 1.4128841489049446 2.4254305489992305 1.807484728994815 1.8303233417825449 1.4760598511148664 0.05 4.033421226389127 0.05 2.468810207952237
50 1851 0.5699323424896344 1 0 10.394848291834325 1.4192851040746453 0.5414669870000001 4.5006963415599515 1.2503928452541706 5.501372740973539 1.6854928295794145 0.05 0.509330749 0.05 0.314555179 1.900381333750573 2.3724091021400433 1.4128841489049446 2.4254305489992305 1.807484728994815 1.8303233417825449 1.4760598511148664 0.05 4.033421226389127 0.05 2.468810207952237
51 1888 0.5938940000562453 1 0 10.394848291834325 1.4192851040746453 0.5414669870000001 4.5006963415599515 1.2503928452541706 5.501372740973539 1.6854928295794145 0.05 0.509330749 0.05 0.314555179 1.900381333750573 2.3724091021400433 1.4128841489049446 2.4254305489992305 1.807484728994815 1.8303233417825449 1.4760598511148664 0.05 4.033421226389127 0.05 2.468810207952237
52 1925 0.6198967082864627 1 0 10.394848291834325 1.4192851040746453 0.5414669870000001 4.5006963415599515 1.2503928452541706 5.501372740973539 1.6854928295794145 0.05 0.509330749 0.05 0.314555179 1.900381333750573 2.3724091021400433 1.4128841489049446 2.4254305489992305 1.807484728994815 1.8303233417825449 1.4760598511148664 0.05 4.033421226389127 0.05 2.468810207952237
53 1962 0.6303101113782195 1 0 10.394848291834325 1.4192851040746453 0.5414669870000001 4.5006963415599515 1.2503928452541706 5.501372740973539 1.6854928295794145 0.05 0.509330749 0.05 0.314555179 1.900381333750573 2.3724091021400433 1.4128841489049446 2.4254305489992305 1.807484728994815 1.8303233417825449 1.4760598511148664 0.05 4.033421226389127 0.05 2.468810207952237
54 1999 0.6429487114925719 1 0 10.394848291834325 1.4192851040746453 0.5414669870000001 4.5006963415599515 1.2503928452541706 5.501372740973539 1.6854928295794145 0.05 0.509330749 0.05 0.314555179 1.900381333750573 2.3724091021400433 1.4128841489049446 2.4254305489992305 1.807484728994815 1.8303233417825449 1.4760598511148664 0.05 4.033421226389127 0.05 2.468810207952237
55 2036 0.6612334026023089 1 0 10.394848291834325 1.4192851040746453 0.5414669870000001 4.5006963415599515 1.2503928452541706 5.501372740973539 1.6854928295794145 0.05 0.509330749 0.05 0.314555179 1.900381333750573 2.3724091021400433 1.4128841489049446 2.4254305489992305 1.807484728994815 1.8303233417825449 1.4760598511148664 0.05 4.033421226389127 0.05 2.468810207952237
56 2073 0.6769533572268757 1 0 10.394848291834325 1.4192851040746453 0.5414669870000001 4.5006963415599515 1.2503928452541706 5.501372740973539 1.6854928295794145 0.05 0.509330749 0.05 0.314555179 1.900381333750573 2.3724091021400433 1.4128841489049446 2.4254305489992305 1.807484728994815 1.8303233417825449 1.4760598511148664 0.05 4.033421226389127 0.05 2.468810207952237
57 2110 0.7558896506569405 1 0 10.394848291834325 1.4192851040746453 0.5414669870000001 4.5006963415599515 1.2503928452541706 5.501372740973539 1.6854928295794145 0.05 0.509330749 0.05 0.314555179 1.900381333750573 2.3724091021400433 1.4128841489049446 2.4254305489992305 1.807484728994815 1.8303233417825449 1.4760598511148664 0.05 4.033421226389127 0.05 2.468810207952237
58 2147 0.780344848694973 1 0 10.394848291834325 1.4192851040746453 0.5414669870000001 4.5006963415599515 1.2503928452541706 5.501372740973539 1.6854928295794145 0.05 0.509330749 0.05 0.314555179 1.900381333750573 2.3724091021400433 1.4128841489049446 2.4254305489992305 1.807484728994815 1.8303233417825449 1.4760598511148664 0.05 4.033421226389127 0.05 2.468810207952237
59 2184 0.8192205944219847 1 0 10.394848291834325 1.4192851040746453 0.5414669870000001 4.5006963415599515 1.2503928452541706 5.501372740973539 1.6854928295794145 0.05 0.509330749 0.05 0.314555179 1.900381333750573 2.3724091021400433 1.4128841489049446 2.4254305489992305 1.807484728994815 1.8303233417825449 1.4760598511148664 0.05 4.033421226389127 0.05 2.468810207952237
60 2221 0.8605981510241549 1 0 10.394848291834325 1.4192851040746453 0.5414669870000001 4.5006963415599515 1.2503928452541706 5.501372740973539 1.6854928295794145 0.05 0.509330749 0.05 0.314555179 1.900381333750573 2.3724091021400433 1.4128841489049446 2.4254305489992305 1.807484728994815 1.8303233417825449 1.4760598511148664 0.05 4.033421226389127 0.05 2.468810207952237
61 2258 0.9408089349458544 1 0 10.394848291834325 1.4192851040746453 0.5414669870000001 4.5006963415599515 1.2503928452541706 5.501372740973539 1.6854928295794145 0.05 0.509330749 0.05 0.314555179 1.900381333750573 2.3724091021400433 1.4128841489049446 2.4254305489992305 1.807484728994815 1.8303233417825449 1.4760598511148664 0.05 4.033421226389127 0.05 2.468810207952237
62 2295 1.0512295395430469 1 0 10.394848291834325 1.4192851040746453 0.5414669870000001 4.5006963415599515 1.2503928452541706 5.501372740973539 1.6854928295794145 0.05 0.509330749 0.05 0.314555179 1.900381333750573 2.3724091021400433 1.4128841489049446 2.4254305489992305 1.807484728994815 1.8303233417825449 1.4760598511148664 0.05 4.033421226389127 0.05 2.468810207952237
63 2332 1.109334414971385 1 0 10.394848291834325 1.4192851040746453 0.5414669870000001 4.5006963415599515 1.2503928452541706 5.501372740973539 1.6854928295794145 0.05 0.509330749 0.05 0.314555179 1.900381333750573 2.3724091021400433 1.4128841489049446 2.4254305489992305 1.807484728994815 1.8303233417825449 1.4760598511148664 0.05 4.033421226389127 0.05 2.468810207952237
64 2369 1.1410167624582943 1 0 10.394848291834325 1.4192851040746453 0.5414669870000001 4.5006963415599515 1.2503928452541706 5.501372740973539 1.6854928295794145 0.05 0.509330749 0.05 0.314555179 1.900381333750573 2.3724091021400433 1.4128841489049446 2.4254305489992305 1.807484728994815 1.8303233417825449 1.4760598511148664 0.05 4.033421226389127 0.05 2.468810207952237
65 2406 1.0721190447115025 1 0 10.394848291834325 1.4192851040746453 0.5414669870000001 4.5006963415599515 1.2503928452541706 5.501372740973539 1.6854928295794145 0.05 0.509330749 0.05 0.314555179 1.900381333750573 2.3724091021400433 1.4128841489049446 2.4254305489992305 1.807484728994815 1.8303233417825449 1.4760598511148664 0.05 4.033421226389127 0.05 2.468810207952237
66 2443 1.0573249772860904 1 0 10.394848291834325 1.4192851040746453 0.5414669870000001 4.5006963415599515 1.2503928452541706 5.501372740973539 1.6854928295794145 0.05 0.509330749 0.05 0.314555179 1.900381333750573 2.3724091021400433 1.4128841489049446 2.4254305489992305 1.807484728994815 1.8303233417825449 1.4760598511148664 0.05 4.033421226389127 0.05 2.468810207952237
67 2480 1.0739769084721804 1 0 10.394848291834325 1.4192851040746453 0.5414669870000001 4.5006963415599515 1.2503928452541706 5.501372740973539 1.6854928295794145 0.05 0.509330749 0.05 0.314555179 1.900381333750573 2.3724091021400433 1.4128841489049446 2.4254305489992305 1.807484728994815 1.8303233417825449 1.4760598511148664 0.05 4.033421226389127 0.05 2.468810207952237
68 2517 1.0590330289636902 1 0 10.394848291834325 1.4192851040746453 0.5414669870000001 4.5006963415599515 1.2503928452541706 5.501372740973539 1.6854928295794145 0.05 0.509330749 0.05 0.314555179 1.900381333750573 2.3724091021400433 1.4128841489049446 2.4254305489992305 1.807484728994815 1.8303233417825449 1.4760598511148664 0.05 4.033421226389127 0.05 2.468810207952237
