% # columns="iteration, evaluation, sigma, void, void,  stds==sigma*sigma_vec.scaling*sqrt(diag(C))", seed=1034448, Mon Nov 24 21:49:53 2025, <python>{}</python>
1 38 2.2685147540223665 0 0 23.317871814413714 3.1728171619768006 1.2344112684322919 10.214915684101642 2.845366746373588 12.552068300182956 3.762565397220292 0.11305690411839486 1.1521962241093888 0.11359348164171093 0.7051847356756386 4.279838376646507 5.352909542850918 3.1849719061445616 5.433430736206488 4.0749376603799154 4.072992349116463 3.3527969204720356 0.11412941415845058 9.093873824011618 0.11353048854491353 5.581537702273889
2 75 2.148220798273652 0 0 22.31057323217262 2.988769441524746 1.1776889465419709 9.612478942867845 2.683005660778482 11.908822567015001 3.5185614352124603 0.10700202996453576 1.0884394686739238 0.10810502862469007 0.6603637147073096 3.973487966096512 5.151938931958393 3.0311414010086963 5.048684442068846 3.8506864392716516 3.7727569135246877 3.1316476262464135 0.10757333986853325 8.651877351979731 0.10769907118139119 5.307381940637226
3 112 1.9308937616452744 0 0 19.992128002557155 2.6805620270316335 1.0573145999483777 8.535572524188812 2.409394659918262 10.664338684488238 3.125509457561112 0.09635458101583609 0.9709693848030551 0.09685533520952128 0.5910989703229598 3.554343129719534 4.633348738790047 2.705793285268375 4.5570123456600475 3.3871360795713854 3.310900645045303 2.8062579487136916 0.09731081230327515 7.736099341487871 0.09654261880075829 4.7040370847467425
4 149 1.7386851453282361 0 0 18.03353336206586 2.431724951080416 0.9432087586964083 7.644795208494634 2.128086993440505 9.475622724086968 2.798620594457458 0.08535573344840766 0.8762922274165648 0.08840743365742088 0.5300846718913347 3.204540169748429 4.108362348156303 2.428085177261531 4.072653601857614 3.0516309906765375 2.9519011675565445 2.501295469594601 0.08802224275867057 6.997307153785561 0.08669520224906331 4.238460085701927
5 186 1.6535865092720967 0 0 16.855044632174323 2.303141190730683 0.900621920327934 7.242149054018633 2.044360392400906 8.945407660452396 2.622993364331856 0.08106280299276339 0.8335649541111557 0.08300678237660579 0.5067833444809563 3.054462072649417 3.8802655891523163 2.320599282527909 3.9282326399282157 2.8934445537544105 2.7171238100672914 2.3926390798156287 0.08397166661901685 6.663170611342425 0.08203426349819805 4.031349664252536
6 223 1.6172759875995473 0 0 16.675918156752406 2.2417916666398536 0.8777891842738706 6.951404162451325 1.9800921857514016 8.665618842156604 2.539440925264991 0.0785911157037426 0.8160931674839591 0.08112832902070603 0.49483871827899634 2.9452779252288335 3.8174099951483518 2.2715803695799983 3.8466025609913586 2.878143566361609 2.587876096033448 2.330057669625529 0.08295715122199246 6.555415142281507 0.08026777402647559 3.931661347372946
7 260 1.5092907785408776 0 0 15.543915885994565 2.111499542654386 0.8224172222424067 6.405400849321667 1.846735421007327 8.050233888545229 2.377643488964584 0.07193208269797063 0.7598049107019641 0.07572111867063924 0.4604420119560414 2.718636599506472 3.5630635820421177 2.117326232860537 3.5595482990459413 2.6809678430478927 2.3709073638311455 2.1731367129443666 0.0767169977167095 6.142401324621076 0.07483521682622515 3.6260644993980735
8 297 1.39831455087118 0 0 14.274002792636457 1.9209118418417597 0.7541066339958338 5.940587711824942 1.6912907454966895 7.403934246705653 2.1907608717924614 0.06620859346837372 0.7069215977786117 0.07024226842821377 0.4280920626908824 2.4643030810288424 3.303520816023125 1.9543807770616788 3.32946533322282 2.4909831110071887 2.1563158243729523 2.0387453224654783 0.07125509680459577 5.688261172441278 0.06907786966767997 3.330622461256677
9 334 1.2885181632748945 0 0 13.287375827488736 1.7636327537620413 0.699139853180317 5.44340855678586 1.552031717515609 6.80615353154499 2.0134525105655943 0.06018467829021303 0.6514414269961685 0.06383447473886733 0.39778059136500993 2.250731587120002 3.0444609354435035 1.8118870866059478 3.0958427834151507 2.2734784793309166 1.9321268190617864 1.88996141380781 0.06479870878011575 5.246304675435782 0.0639459539858638 3.0732308819961287
10 371 1.188735771974815 0 0 12.18737934446498 1.623544859187633 0.6503324288675109 4.96667622183496 1.4253424709835902 6.262471395346377 1.8370587934884723 0.055184878143978267 0.5996334846339043 0.05916321042720322 0.36631583283242036 2.070097705465248 2.7937153343066248 1.6597682353269725 2.8434222629299746 2.100897804676805 1.7630449617349955 1.7414003723315672 0.05916178016065248 4.860142965013881 0.05876423749638125 2.8224893044570933
11 408 1.1303440915859901 0 0 11.59741843344974 1.5519497371108255 0.6134485164409956 4.7138999544418425 1.3477482374827077 5.893804907131979 1.7375893863255054 0.05207115256649986 0.5681318352671465 0.056312532524484024 0.3452689646781332 1.9317516236283958 2.6470195162129544 1.5956051849717423 2.7165321586223086 2.0071256070418104 1.671260159513539 1.6180886240655201 0.0560498548162811 4.698843161532558 0.05592113576937483 2.6802314427345015
12 445 1.0651877744385727 0 0 10.90514333406258 1.4629113769290207 0.5750524592008439 4.393660291772032 1.2733139144478596 5.540973341087987 1.646245627509021 0.04898780696162153 0.5264049681199886 0.053187978321404816 0.323954895131194 1.7736706970958114 2.508573067706745 1.513565885213652 2.5861239889881436 1.9020390230148592 1.5419756048218545 1.5264002713267586 0.05252048978001755 4.388399952460368 0.05203913582874494 2.5600051854291905
13 482 1.032292915814489 0 0 10.476198444152214 1.409680558749924 0.5592699627353259 4.327199108765483 1.2406622345080907 5.369911011736814 1.6006890760286419 0.04721916086140244 0.5178561984236267 0.05106818314942378 0.3102092775942349 1.6829936430870713 2.4132339869600448 1.4720773878274147 2.485001866630667 1.8513751649071726 1.450183232440879 1.4818581235048327 0.051243749377343856 4.206185356727111 0.050582730714238265 2.513621381901623
14 519 0.9436692724052079 0 0 9.608727484439699 1.2970441877746177 0.5102558991094186 3.9180857697793074 1.139493095964398 4.974819665966479 1.4572208339294062 0.04279658158071476 0.4709014534885834 0.04666433226386014 0.283867181631593 1.5178537634183475 2.1775473798487925 1.3718367724695828 2.2764289899870875 1.6880769331722258 1.3149172808276712 1.3601836615140974 0.04674772083895059 3.8278083330642447 0.04572211127055329 2.2821310802564576
15 556 0.9439962193590838 0 0 9.52820924660896 1.299284587933334 0.5037283438451158 3.8966923405691407 1.1304315999049526 5.035692491406384 1.4683645974255048 0.043189399601702004 0.4735941288196619 0.04620913939376893 0.28135327111575564 1.512944059444949 2.218881605032647 1.375341725254274 2.2734982479809553 1.6973850157944361 1.296576326662194 1.3475904301983481 0.046655879757970066 3.8700512731883503 0.04537692497593309 2.3007446569981638
16 593 0.9155041354866087 0 0 9.198433504618938 1.2572661542018955 0.486185487942791 3.708864829075536 1.0958217092787599 4.795605457018711 1.422785066397895 0.042385830613172894 0.46278068114501664 0.044726586955145246 0.26845660347548933 1.4597153856334928 2.1500772734114793 1.3362768175377129 2.2116325628644495 1.651879475485403 1.2385985038848886 1.2971620235503285 0.04487776928937146 3.727242984653097 0.04387819420088937 2.2103075285128324
17 630 0.8770761347809596 0 0 8.796270235596593 1.1935554481906765 0.4633942166515338 3.5416272032143774 1.0385761749412195 4.6540527584837665 1.3605144878913369 0.04034615508902521 0.44116661411468283 0.043049167432782094 0.26033636062939847 1.371021122377687 2.0391213291155212 1.267881124442086 2.1132686346901117 1.5982481332728364 1.1597212862709192 1.225249364819679 0.043155890084160306 3.605134535203487 0.04178767532561682 2.112652149282152
18 667 0.7856791808311384 0 0 7.871801921222049 1.0799183929319123 0.4141273963397496 3.143627025652493 0.9311113592651845 4.213144853104922 1.216962030554057 0.035945533064712515 0.38984120623787066 0.03891283741763608 0.23283146770671792 1.2058768939965663 1.8510874720375183 1.1437580412146873 1.8760020888597926 1.4387552398423105 1.036075215502628 1.0922820813732934 0.03847993233328823 3.2081983228109148 0.03737014931018133 1.914025645605109
19 704 0.7952301986493159 0 0 7.979416098848484 1.0952914880377023 0.4134276290540967 3.1537306872778483 0.947751246472585 4.2606530374794005 1.23148461514327 0.036310129383569534 0.39542069835857707 0.03973101908982552 0.235122070262993 1.1945823519343486 1.8934833099782167 1.1532991520277325 1.893862602299328 1.4763819717992297 1.0406106615442587 1.1097303506957736 0.03897041043873195 3.2039069077029145 0.03809545558803323 1.9374620844864368
20 741 0.7799493664436259 0 0 7.868656020671441 1.0663515560747994 0.4050957328063802 3.0895718861213295 0.9279648421436846 4.10829464209691 1.2037223960972288 0.03559701453244666 0.3909243329121695 0.03922620853937276 0.23255977595043822 1.1644904298064043 1.8513454114275623 1.1353671838162593 1.8479213892659176 1.4503854504529556 1.0045477055315823 1.0817729860700525 0.03787039785032302 3.168057463118266 0.03763042832328961 1.9009131422475196
21 778 0.7752186663938334 0 0 7.737842780981426 1.0537846194703504 0.40266918419380554 3.1142216756576255 0.9139788370895825 4.0440925944876325 1.2092328546798468 0.035137148757845675 0.3867917029659308 0.038992115339044085 0.2300406084140723 1.1373479148096304 1.8335452840518067 1.1299676588549399 1.81242544743934 1.4404858923499797 0.9846512036398192 1.0734506686206848 0.037197079672148935 3.169908148157356 0.03723255765016398 1.8787068511359042
22 815 0.7172170329098493 0 0 7.26484403824518 0.9863789891133011 0.372364331226477 2.853383200106607 0.8458725084625034 3.713419477034936 1.1194254548200442 0.03269719884462941 0.3634646750011514 0.03619272602516655 0.2140821955544893 1.0389568951493386 1.6920333953070439 1.0550564529839568 1.6630737955640988 1.312123451471881 0.8790612456394806 0.990685626715719 0.03433462845059774 2.9244273033940273 0.03479547375024851 1.7348238882586373
23 852 0.6545335001501619 0 0 6.595095403551283 0.8983000815964712 0.3378501932147592 2.5944488401539494 0.7848071457415161 3.3947484637460437 1.0283272222759812 0.029928832818350893 0.3279235920678443 0.032949269493801954 0.1941769756158791 0.9259137911441178 1.5313125147440176 0.9635261257224548 1.5067569567708157 1.189348865188354 0.7996221983372443 0.9006637379386458 0.031148960408491477 2.664343340983608 0.031689722535424424 1.5931846141739943
24 889 0.6304163067325129 0 0 6.353597320558189 0.8618276961261024 0.3204283181405731 2.501852084255554 0.7609160584363157 3.3027408647677046 1.0009610836289058 0.028701781605812195 0.31811463448864874 0.03217986428792614 0.18501640842381933 0.8835436653087585 1.4757078678686302 0.9192361773904408 1.4353027895643111 1.1422262008558643 0.7548987510509676 0.8583320195026424 0.030828500288801283 2.532814716056417 0.03033386125126547 1.5353782493537058
25 926 0.6040943998118469 0 0 6.113042836823755 0.8246762706433368 0.3042037541080436 2.4073219992429786 0.7378065262174944 3.1803590336311127 0.9549268982537039 0.027497768169762134 0.3017941230411844 0.03067565892196966 0.1764466394693485 0.8313413712606138 1.3968218786213933 0.8908795783297628 1.3742491318223595 1.1035487060605813 0.7146669529521282 0.8222196210143099 0.029757658963631483 2.432629862881538 0.02879993822760529 1.4686934969946825
26 963 0.5531010902923831 0 0 5.5730536714790855 0.7548036555357079 0.27713761125487274 2.2081370958569275 0.6764997991861147 2.896463025461335 0.8696593930738672 0.02515665072937834 0.2769641031306479 0.0281111480398817 0.16024518926873108 0.7511945861125737 1.2784363468137214 0.8133574170477776 1.2669912155506966 1.0140695073535588 0.6503694594903463 0.7388390633082154 0.02744681987127781 2.208418439407918 0.026307228050649327 1.3386875315902536
27 1000 0.52640432712613 0 0 5.271971648473676 0.71222398100403 0.2656007545212089 2.116762243448085 0.6472771595142912 2.743044602293227 0.8255119276194517 0.023729724163772774 0.2616118487014344 0.026751591117582272 0.15275122604533034 0.6997067001529295 1.211577833711869 0.7692838012977947 1.2037193882227242 0.9534363470871176 0.6083492556034185 0.7002365877117018 0.026242768502386323 2.100178268854135 0.025259609012289772 1.2861447548436322
28 1037 0.5031734125912811 0 0 5.0391106728271975 0.6782507439753958 0.2530292134524827 2.0250425030852512 0.6123017883276858 2.62251499110501 0.7790944486698553 0.02256441937840707 0.2523975036536432 0.02562057565019786 0.14408564717238925 0.6633304079200595 1.1487319990305365 0.7337151732899946 1.1489100945090303 0.9112108533769703 0.5765919551415728 0.6733624115796283 0.0254038485105757 2.0313199011799217 0.02419091428336786 1.2317259648988483
29 1074 0.4987214313638908 0 0 4.973752810664201 0.6670205128937038 0.25185725401828013 2.0005836468028084 0.607166630952701 2.639481177830768 0.7663417583500614 0.022392387155435296 0.25107185179901986 0.025276450381342352 0.1462683163778433 0.656232699754766 1.1515499036076464 0.7257099242247932 1.1599237229782957 0.9086985560904012 0.5680074558497239 0.6590782395762024 0.025166418674196833 2.0004712529033464 0.02381291670303407 1.2442534326173613
30 1111 0.4964396290378963 0 0 4.834330032476026 0.6546372628837319 0.25126371885464854 1.9872415960943124 0.600868253206321 2.6373956965620966 0.7543604173287033 0.022221045287559034 0.25046710292400143 0.02492319347339633 0.14713949543710883 0.6511412785183712 1.1491381121468511 0.7276738656646424 1.1485429965369194 0.906094801890558 0.5601260151110862 0.6629455276954539 0.02484068034670746 2.0092614242425557 0.023752798546091764 1.2601329183685213
31 1148 0.4855619440311774 0 0 4.693320693549312 0.6432404132218986 0.24511145889491304 1.9275703782173266 0.5895938148515953 2.562020431344065 0.7338306220430029 0.021766965359855187 0.24424078019198037 0.024395968248803433 0.1443309333649349 0.6289898962166922 1.1160959294853032 0.7147607878787559 1.1256408156485629 0.8874152782699086 0.5420516889173042 0.6389982135820057 0.024014027715487187 1.9934468438317563 0.0232793196259592 1.2488668150199258
32 1185 0.45451668174250554 0 0 4.357773515531268 0.5992406836980588 0.22892855508178314 1.7969788788234895 0.5445477595635416 2.399700647038763 0.6834257194583526 0.02017313468197331 0.22642499399013652 0.022989356949341306 0.13816547982861785 0.58375720488271 1.0448258744064942 0.6671069563818777 1.0546769506958342 0.834715461766329 0.5040475445842865 0.5987575919144607 0.022291666340713636 1.8664902112164241 0.021839361152632245 1.1864062884045063
33 1222 0.4470777056223291 0 0 4.264396231494194 0.5844467769415873 0.22695505732634982 1.766591087853371 0.538270133605142 2.3540393233505066 0.6664857638409388 0.019627484787178986 0.2219986259608659 0.022555449571165734 0.13522866008362175 0.5694189444709488 1.0306403231989016 0.661712913030158 1.0540442083182373 0.82424797700526 0.4854267071677409 0.5897995742994989 0.021922831117014794 1.8383348773862676 0.021520538605237647 1.1729255102905403
34 1259 0.4351141465095078 0 0 4.209348071289877 0.5708295309048157 0.2208689144980529 1.7209716820282368 0.5215077978022693 2.2751669101604977 0.6496748661046059 0.019164769468661892 0.21422038856924153 0.021858780297163684 0.12967112652079732 0.5531589475201134 1.003384302406062 0.6464600101235842 1.0224080233639428 0.8086092361070295 0.4700363023678196 0.5720906834711433 0.021312553983313977 1.806476406335172 0.020835803889700567 1.1423871871009212
35 1296 0.4294269937258129 0 0 4.0775786006610035 0.5611852605107636 0.21822403276661614 1.7320207490588653 0.5173993994135525 2.2526584540844428 0.6463896305553006 0.018872088906141067 0.20747217247023475 0.021793755277520685 0.13016200369933845 0.5379702167476644 0.9863140711434685 0.6391696156795413 1.0103095276263556 0.7981488146461896 0.4553817558348866 0.5691836421891382 0.02105262090527274 1.7860937338445502 0.020422037201485436 1.1216318047993348
36 1333 0.44407076006484764 0 0 4.237716378246372 0.5838208359281972 0.2266785089583013 1.8037735993290493 0.543211971102648 2.3227951187002738 0.6747509223735022 0.01983296833351241 0.21221741389159413 0.022708031711840704 0.13642392623349825 0.5503038513919157 1.028908813263508 0.6555162896617017 1.041550397992357 0.8236034164482727 0.46627383054805893 0.5864051698662847 0.021805628558924702 1.8571441742210189 0.021151070438572016 1.1631106858363123
37 1370 0.5019212677584859 0 0 4.822898142920345 0.6545202653857592 0.25691009297446354 2.017338253620841 0.6047670601844677 2.634827552380609 0.7548859415915878 0.02254573963111339 0.2404505902255831 0.025562464609067016 0.15880065279991898 0.6161985160334171 1.1649575953921631 0.7338520298241036 1.1887233182221277 0.9236952118390904 0.5233615921544262 0.6678548255881576 0.02466697777280043 2.1150099933651387 0.02412824493363722 1.341991361940012
38 1407 0.525968836477233 0 0 5.089986602473873 0.6858900691484329 0.2686314446086991 2.1163800640392263 0.6318918652019497 2.759842990930837 0.787622009851325 0.023826624775878692 0.2533357795252754 0.02640472620768023 0.16756624158046715 0.6429970215572863 1.217465580810808 0.7610159958592114 1.257281407690511 0.966713072662904 0.5391947483892195 0.6925930101565231 0.025939836761159893 2.2273304100772795 0.025335161612225213 1.4345789277688359
39 1444 0.5101312383497673 0 0 4.938486516609534 0.6630306814438319 0.2595748003541149 2.0627819774218263 0.6033636294852182 2.7009224086716 0.7760086148700749 0.022871682838989823 0.2423780641060515 0.025744379643216648 0.16154905644095582 0.6151359810289888 1.1775934183964334 0.7372809982441433 1.2153480540206911 0.9393044010475184 0.5221650161703252 0.6562471245034751 0.024973884218865698 2.141702308874149 0.024464613949620642 1.4009113638937678
40 1481 0.5000405131859071 0 0 4.817150332488576 0.6526994352425676 0.2550631338224172 2.011576598036158 0.5895352992935464 2.648332710002159 0.7579669415205089 0.022485169738795295 0.23608941101218067 0.025158864867645504 0.15733799973266155 0.5957975383144511 1.164303648926118 0.7197623881533316 1.1825483760705353 0.9208162255198814 0.50621544383788 0.64347947662263 0.024159989513317645 2.0793960337865465 0.023958884586259947 1.3856322891530093
41 1518 0.4950856524515976 0 0 4.727023791159434 0.6445144787563878 0.25031369760266786 1.9972411151564096 0.5827410864286097 2.638670871506537 0.7511116476348108 0.022448608573362675 0.23444119487668014 0.024952880695790994 0.15480814507712856 0.5862139470194322 1.1494747867824038 0.71501219905244 1.1704227525547393 0.9092248502237144 0.49386103914851615 0.632617647431825 0.02393516814964102 2.0680843927002144 0.02347206809178392 1.3819852259422503
42 1555 0.5244652867260784 0 0 4.9935093013066085 0.6810580709810091 0.26422044644243065 2.1020386930481134 0.6194882292188564 2.8212752548721 0.7932734484001775 0.023669117840985982 0.24723987693070665 0.026556347172964158 0.16377458610606693 0.610762496317955 1.2384914654243266 0.7609362818717504 1.2557658793584405 0.9597591568694379 0.517241248418153 0.6705376571234487 0.025598088373135704 2.183589403825319 0.025194042600818936 1.4653225270174821
43 1592 0.511674255963729 0 0 4.832914826433795 0.6644276533355575 0.2589340095158145 2.0595434501756094 0.6046849178403289 2.7797186420681688 0.7766433932516096 0.023030089262164894 0.24183639056100711 0.02562666326905866 0.1598284182254925 0.5892250695336286 1.2006103197457385 0.743564654129465 1.2346311993106025 0.9332026481374114 0.5017411803494111 0.6579341212141089 0.025030451838902238 2.083461435411631 0.024532993995479247 1.4001809515730133
44 1629 0.49768849125707054 0 0 4.633412547793799 0.6446757496944956 0.25355427418701953 2.0374608231674096 0.5983113318160537 2.7176645743921313 0.762525717051847 0.02229745180887857 0.2377992635882961 0.02474430605035483 0.1567634786080375 0.5625290131356017 1.1750783937692184 0.7257390352619625 1.208147252506646 0.9148799141130951 0.48392003273415146 0.6402156623707084 0.02443508183949824 2.02754374159156 0.024060274683164084 1.3700340641903654
45 1666 0.4814188230517275 0 0 4.428468764515685 0.6203207841426944 0.24599971442184798 2.0007381908175095 0.5719107532786414 2.6202142074258363 0.7403325326264799 0.021635527726805066 0.23249044692260576 0.024146022165470224 0.1560741425262952 0.5371155221543192 1.1336854457514753 0.7111933279234849 1.1528694289368808 0.8858509006482921 0.46297304988754295 0.6154759011216274 0.023274796708362615 1.9699987840997317 0.023449573969729687 1.3464582637668425
46 1703 0.481766777907062 0 0 4.395084936255613 0.619789986081085 0.24663020774212321 2.019735960636384 0.5721643402026815 2.619347882029851 0.7404029660615457 0.021461253061974 0.23226652861813069 0.024268349377620357 0.15757526052584359 0.5382484466923928 1.1491097742828653 0.7336629625873554 1.1554283324832995 0.8994563237948048 0.45950524405467325 0.6112411773977292 0.02329938217566323 1.9686080079343806 0.023287564116305913 1.3399132072199582
47 1740 0.5076301632931983 0 0 4.67068276540804 0.649731358765756 0.25819410038481877 2.1577931113680875 0.5935409046686978 2.765429036711544 0.7930638621547259 0.022696901751465673 0.24472590664838073 0.0256308388454672 0.16831407260829037 0.5592727877848183 1.2205927349267234 0.7978788168496017 1.2200189627227018 0.9537148801064029 0.4741112378682622 0.6408504488401356 0.02475664656899193 2.0844820251828775 0.024565049305918008 1.441682658601189
48 1777 0.5455719533612052 0 0 4.942186651094974 0.6993538191427875 0.28033476721530837 2.3537161547399363 0.6386740729251145 2.9187887575102547 0.8532109304572345 0.024734298167577367 0.2649817396436647 0.027486279775501447 0.18361836152711214 0.5966285638789917 1.3344247370263802 0.8627897640823671 1.319095559848868 1.0281031274549448 0.5074955948341265 0.6884580349918242 0.02634857410086219 2.249528636493697 0.026028792416330264 1.5948050558507196
49 1814 0.5744117505120878 0 0 5.27742989731082 0.735622233289001 0.2958479829867923 2.4815154970738718 0.6710483792351255 3.063961311683018 0.8924571611898352 0.025885160414827853 0.27789916733388914 0.028654246202490342 0.20072723863585504 0.6142990789747529 1.4071358176346762 0.9191996209361228 1.3893767099183367 1.0835531209202687 0.5313301928890256 0.7250187368479816 0.027878663745220703 2.388096087962596 0.0272483865233386 1.7320263786383459
50 1851 0.5699323424896344 0 0 5.222149958677781 0.7277423928444695 0.2893472680405788 2.4710716035441127 0.6705802230758309 2.9817781548149003 0.8804150887450146 0.025725059575892998 0.2737137912197322 0.028663569736539617 0.2029089668436723 0.6023150932302316 1.3937237583041686 0.9152630446016947 1.3804715521080466 1.0835925563192035 0.5182769015739641 0.7117395123162803 0.027749711569934752 2.3894307041519744 0.027009755549991302 1.7314746360533446
51 1888 0.5938940000562453 0 0 5.458147879250607 0.7519741661594596 0.30458675580350275 2.5813563051488297 0.6877293894629429 3.163433741221652 0.9120168355220646 0.02660787767759567 0.28380478822672894 0.029663416812643093 0.21822849396838406 0.6203110125371442 1.4563144861462431 0.9601564969541062 1.4508673714794793 1.1257289136376172 0.5434149046789852 0.728348257605251 0.029788767884912925 2.4829250908828677 0.028156241990402796 1.8462260059530036
52 1925 0.6198967082864627 0 0 5.713696629600061 0.7818964918044816 0.320276698932871 2.6686788523522544 0.7181163801384962 3.3378807970796673 0.956987403766608 0.02754689185028928 0.29777158852784613 0.030728674937077084 0.23145271707509485 0.6383476873413226 1.5414974399179098 0.990300448704627 1.5028792833724756 1.1776084189378557 0.5739033254876251 0.7604376958903062 0.03139999298418253 2.5847436734244322 0.02932398977502784 1.9489714936261704
53 1962 0.6303101113782195 0 0 5.8443070002278725 0.7807980522911105 0.3234105427511322 2.73199854168015 0.7263856203327402 3.3879270259169743 0.9934917296489342 0.027962938407142413 0.3084066275619242 0.030842977126675237 0.24020754926000054 0.641616807347542 1.573779347424644 1.0321548688724893 1.5360254764283316 1.1752481314361183 0.5831477839495658 0.7665887451628903 0.031740397262436444 2.6253035015216297 0.02974743334480475 2.010047631148606
54 1999 0.6429487114925719 0 0 5.907169391391405 0.7824224244348138 0.33132620040410016 2.8087518482354246 0.7331523963035692 3.475646664927003 1.0192188767219865 0.028680391139319694 0.31544873419816255 0.031633616041515794 0.24577636756417082 0.652592563382802 1.6258282685892596 1.0608124076929561 1.5715644792327355 1.1749686887771753 0.5926206472091964 0.7804264753809298 0.032689411524726084 2.6514182903079084 0.030478298379561314 2.0947707674774416
55 2036 0.6612334026023089 0 0 6.051684862340906 0.8059281289476588 0.3401097556891155 2.8685934864211626 0.7429333024152815 3.6167638974897964 1.0707309372636995 0.029404575643201758 0.3231870655259011 0.032293831617099304 0.2563663739893748 0.6551041969348145 1.691568547024454 1.0951314745513085 1.619558701721333 1.2153878895241232 0.6091492477518098 0.8026386608871031 0.03373460839137497 2.714486896703757 0.031341653824868226 2.196941514746133
56 2073 0.6769533572268757 0 0 6.228231332456694 0.8411063252900023 0.3526107742747768 2.9720160119089196 0.7731235733775147 3.706393340197104 1.1148324700332382 0.03091214151780749 0.33163189761059336 0.033241683555420225 0.26533560083207164 0.653171113972078 1.7346037298376369 1.1229881054087876 1.63695210859245 1.2242531906787264 0.6173587107677473 0.8217655924302809 0.034818464887954016 2.7742033247048523 0.0323495200396411 2.333020895608604
57 2110 0.7558896506569405 0 0 6.910875081290773 0.9535049971920524 0.40405456027729464 3.3744375465598946 0.8702755866557215 4.123708588175355 1.277301390333116 0.03618021241553308 0.37241810283156396 0.03789661713590319 0.29779513398612567 0.7104485869945334 1.95122838382947 1.2679618465844962 1.8218600489576116 1.3733842573516188 0.6832092284516067 0.9176163381098322 0.03983954103954597 3.110233644660452 0.035942352109487735 2.745096223960438
58 2147 0.780344848694973 0 0 7.182716088485774 0.9904005185862705 0.4170901281901383 3.4821179197191694 0.894441486266426 4.27177424133418 1.3254384740702616 0.03786913953530843 0.37998075697881817 0.03923770741888561 0.31234271832528643 0.7347317360147092 2.028363631765165 1.3092191286590513 1.8980372130172594 1.407167252742712 0.700530572739519 0.9456025332321092 0.041197688604175144 3.1493595875951113 0.03706913942930529 2.915597696387818
59 2184 0.8192205944219847 0 0 7.523100320145324 1.037572415116536 0.4353230183081144 3.7298726767066994 0.9386669298473131 4.4584631755177435 1.3790728789365598 0.039477764590427705 0.39615336712092847 0.04103023618385347 0.335359244548477 0.7565925983084908 2.140702175610043 1.378786224588123 1.9789773647814493 1.4711196970851301 0.7356707146165486 0.9882350335362021 0.04342425085899667 3.324821245978024 0.038541636386396794 3.1794772201251082
60 2221 0.8605981510241549 0 0 7.964290085719684 1.106386615940781 0.45627279006629484 3.916624552650848 0.9874682270841911 4.690275262041804 1.459548976556959 0.04204424263214219 0.4186952107845285 0.04247903168394556 0.35441065773293323 0.7867933498706675 2.2566214901122104 1.456804808621755 2.082310270787161 1.534646822369873 0.7702427229066178 1.0470091375410693 0.04538636349046083 3.5080461792927218 0.040354484531059776 3.4791140909224096
61 2258 0.9408089349458544 0 0 8.783961624092315 1.220053936996301 0.5042733545492384 4.3038437970230365 1.0965706039398462 5.179392675745203 1.5959464916713697 0.046067022291178726 0.4568760165955323 0.0468178404528526 0.3934554130170721 0.8463253379100754 2.4878582544237346 1.592789860899654 2.2800354953393995 1.6758536105832385 0.8505498205302781 1.153169404772636 0.05014590401575499 3.8698368699113552 0.04434565112700909 3.956436906383412
62 2295 1.0512295395430469 0 0 9.970106446979226 1.357411268113886 0.5691423711624427 4.821847895676596 1.2350750411534765 5.8204004762958625 1.7935299144921486 0.05166940198261314 0.5121751233378959 0.052618131099972015 0.4503893675431253 0.9364098576985507 2.7815634886144087 1.7679452390058215 2.5583701631331492 1.8305274765002157 0.9484087942523675 1.2861335771391773 0.05597912924226913 4.3357030844356235 0.049950700521106325 4.657014509278112
63 2332 1.109334414971385 0 0 10.644155840601158 1.4411999115215404 0.6027334779647366 5.028541189741343 1.3141918870856613 6.039411467566397 1.9015232737918337 0.05402485997343372 0.5328735222049084 0.055095056315549513 0.48909951290685943 0.972650230508178 2.924879599862167 1.8377909422212 2.732280773467217 1.9313663011496776 0.9818308017174334 1.3465804408465365 0.05898900870391708 4.596887254378817 0.05282231346677253 5.037607423566713
64 2369 1.1410167624582943 0 0 11.035935561324765 1.5043609271830674 0.6237371194642769 5.202675126155416 1.3543384143186432 6.198100878160654 1.9181176283503165 0.05530229148507783 0.5573022250996693 0.05662802855903809 0.5102459038869146 0.9950217325122188 3.04695374673886 1.9416528799465094 2.8218024877551744 1.9826138994247429 1.0134859187549763 1.3807944792870188 0.06086651464439583 4.70764094424097 0.05455717358601892 5.301344686592403
65 2406 1.0721190447115025 0 0 10.477083166145835 1.3935556936111646 0.5876637960480864 4.88308578707176 1.2519018709210652 5.724123167073626 1.811323734888514 0.05127197695181302 0.5262327657884068 0.052993774339193216 0.4845177076389542 0.9151243762534577 2.882894277530088 1.8296649534448326 2.635213005024654 1.8440589618423442 0.9556942434427406 1.2945533501994506 0.05761269212343423 4.414912312539245 0.051297516950016546 4.972510527893104
66 2443 1.0573249772860904 0 0 10.26970412378321 1.379484222052776 0.5771245241946336 4.783151704539738 1.2293906795064466 5.693791549689565 1.7952868791078476 0.049998221181693614 0.5193782506387064 0.05292700202076097 0.47390178960156903 0.8868031635213675 2.854686487160678 1.8080415446212985 2.571900659099784 1.8329618805117847 0.9311086427797701 1.2791510786405458 0.0564528200473355 4.37460907048814 0.050384451641279276 4.954882241417292
67 2480 1.0739769084721804 0 0 10.489992582895812 1.4004675229674348 0.5846131169004212 4.848919950537922 1.273406518948204 5.757338363465389 1.8241609364919635 0.05036776857252954 0.5260009034222798 0.05468221277525682 0.4878397014453524 0.8957005306031982 2.8479881047851445 1.8346877827129697 2.580470523591599 1.8615612553619139 0.9546360646615734 1.2960288641046898 0.05781976789366075 4.407510519793032 0.05116601180980839 5.068431364057429
68 2517 1.0590330289636902 0 0 10.444351668451958 1.3446235127404187 0.5694118029155005 4.768163774912076 1.2637497021814381 5.6118205093621025 1.8056974986161625 0.049087948468997014 0.5287884788317573 0.053752050132545096 0.4744916446153282 0.8766053997076011 2.776186180481271 1.7952952716565864 2.559941106782237 1.8372407090198797 0.9461858504075892 1.2832950678226605 0.05662168975330206 4.337782837881207 0.051394518301617044 4.919396539793929
