% # columns="iteration, evaluation, void, void, void, xmean", seed=1034448, Mon Nov 24 21:49:53 2025, <python>{}</python> # scaling_of_variables: 1, typical_x: 0
1 38 0 0 0 332.4821839545294 18.023884114883693 -5.844852328861653 106.36705355474926 12.126838680471804 148.228839380366 22.510050145472306 0.16998434614865443 5.46039542881872 -0.22736554321941208 -2.9402089471799937 28.5269397984064 41.62101080457236 17.141030043492822 45.39264730991768 25.51881351397446 26.66186968383678 18.370859299129823 0.548552187744272 93.91840895297476 0.568999879229464 42.518956497687896
2 75 0 0 0 341.3703862161727 18.516924329826686 -5.56028300939184 107.83917008395504 11.908277545714213 151.0926987658321 23.812823278734527 0.15876345173689635 5.38763772786618 -0.28524767329935674 -2.9529727664198284 30.524734748505264 40.91772550119773 17.38784325794551 44.56073347998846 24.25939379537175 27.2913398861312 18.955821758669114 0.5716939475671869 94.09557326189304 0.5703643734476138 40.00541085419683
3 112 0 0 0 339.6348093987343 18.522423865641926 -5.634287821564501 108.01827447813079 12.45949252813975 149.25469147756266 23.594546972793506 0.1569596532058765 5.492222859351273 -0.28321827938771826 -3.1337647677797835 31.145446979164994 39.46726872840197 17.247672780850365 46.28017501576967 24.775422782088903 26.835961693924535 18.988917691727323 0.5642589545570549 97.73258527453366 0.5588497581091569 42.40524650808265
4 149 0 0 0 338.0174124927759 18.724435659102348 -5.368829208108632 107.60883505864854 13.664433920292291 145.0943242317889 23.71028088375254 0.17341759689463665 5.208126548390838 -0.2957978900447053 -3.0968470679179068 30.406005038850473 41.161720441127116 16.631964753286756 45.23496663098212 25.929466899781918 27.449508820555106 18.9566941891532 0.5436539588890327 99.7247790260938 0.5670532582984384 43.61427623920588
5 186 0 0 0 337.423601988938 18.49398643984166 -5.357633589244645 102.7629170185604 14.239012190348292 146.9662457478636 23.231459711137155 0.15035025801359114 5.1392894712430826 -0.29097421360673165 -3.169530622062549 29.323173208069203 42.33228200972417 17.293367387622126 44.019452184432176 26.526018162250022 26.45459750606779 19.738052156832566 0.4862947932570447 100.36323689536366 0.5782931242085176 43.76425160723781
6 223 0 0 0 331.6955993660022 17.96968484528216 -5.295838007929023 106.5931661625515 14.088029628957676 149.94703692135877 23.369638614818093 0.13652490326503844 5.142828432476935 -0.2565037411330842 -3.0523071800238726 28.350029059122612 41.65024461194157 17.391111126776437 42.81085572571652 27.54906085433613 26.571080235893522 19.23957906742208 0.42823803009913963 95.64180166356951 0.5625177233072598 41.95106265887705
7 260 0 0 0 337.56295926067526 19.4179230997254 -5.330788100689421 107.96024681641721 15.17974216154847 149.17862473164618 23.47960560446819 0.13247479299074313 4.918461284604856 -0.24603575241106856 -3.133517526024986 29.486956999419814 40.64682026564969 18.23371669938769 42.95876004492366 26.937139014500865 26.955664067656777 18.748983274193417 0.4586049668981763 96.46064756161212 0.5706592839904998 42.79067481988932
8 297 0 0 0 337.5248995403791 18.592463912936612 -5.671809637562813 110.48268722058934 14.901205436871455 145.40262337562382 23.72738221917286 0.13725213488506338 4.74891616781166 -0.25093455949259946 -3.1411946185117476 29.998565448448357 39.96707506677854 17.61995752834408 44.12993940986739 27.074775746229687 27.97003759846663 17.573613524570728 0.4934383671306066 98.48377704636792 0.5693398199301295 43.273513836947366
9 334 0 0 0 334.09964818806196 18.39170571349029 -5.209579669078288 110.03060534944213 14.17370542028237 147.9568604453518 23.59910176569975 0.14658157890725868 4.671778570210345 -0.2389198224627662 -3.0238530556565935 29.65073734216309 41.878778228985894 17.00286966301941 43.77682607962949 26.770555229080664 27.5649404108958 17.985161950494767 0.5006499324787345 98.18988433781753 0.6143633762513236 41.62664684205801
10 371 0 0 0 330.56796347663783 18.57298081780282 -5.034837594380834 110.24159850945581 14.313652508407262 146.2759232337253 23.827264321031052 0.17674200490906739 4.720164224390861 -0.21767146343045946 -3.11778055754453 29.37433253331711 41.03448590207185 16.70073899241895 42.19348449869611 26.95726728594871 27.43638296866501 18.743327891622013 0.5170992611464049 95.74386116957625 0.5885626366463541 42.328590712369554
11 408 0 0 0 330.9140746648164 18.171788604076337 -4.961874327818429 109.66407602525135 14.075630867800536 146.00035546975434 23.797697246251655 0.16155851080120942 4.76602185254277 -0.20288839968686 -3.0786971879320886 29.271898567939708 41.66824085811563 15.966266992691716 41.462460881625034 26.83276352597155 26.996935666687644 18.738540431967298 0.5103665345072299 92.47356012159538 0.5949738969589352 43.12996826041106
12 445 0 0 0 327.76804071649167 18.093875073952884 -4.9764669526219105 111.2366155069359 14.48077471212795 145.2468842519444 23.35107414247947 0.1576359091643307 4.789820041347084 -0.2054537644237795 -3.0545283274544928 28.82927339433711 40.302098838022204 16.033931682508516 42.820093653865385 28.1806550302632 26.583373875767823 18.548143418160524 0.5237364207133399 93.91764195672361 0.5758452908320988 41.73535538863127
13 482 0 0 0 324.058952525122 18.05883449526235 -5.176524831676273 112.8244631019904 14.8608594285816 144.39424461540918 23.125835684362414 0.1406868598785553 4.640749343968015 -0.21244970662701096 -3.0558045734346306 28.947247440784828 41.42421321424028 15.199627136412555 42.820460701536796 26.816435365447752 26.77419728646676 17.69295806784281 0.5362182939278365 95.0238515166672 0.5930986808882102 42.574487278715544
14 519 0 0 0 326.0076592843396 18.05929009385121 -5.290946608945147 111.27926816621242 15.286437235987771 145.02474061423135 23.547020213174587 0.16470449436037277 4.705139982539602 -0.21604745857831167 -3.188930684840284 28.70421196864109 40.66251035142921 15.06360990289563 43.44245457307978 27.007856036421554 26.945257050160173 18.126755958423093 0.5411871324725362 96.30599762914483 0.5859138040601842 42.2024714691488
15 556 0 0 0 326.9421242366386 17.829827215183816 -5.375178049683907 111.33252405623861 15.179316293671004 147.24657195495678 23.162731524652866 0.15464742640985277 4.671890054875159 -0.2314700288249836 -3.2519546489441704 28.320967656120995 39.348931857603766 14.417340803541618 44.30679490428402 27.149472916904212 26.896897899700424 17.579052606944778 0.5489720016301108 93.7207746492582 0.5822418560303133 41.22361172495934
16 593 0 0 0 327.34766983404825 17.8843691385806 -5.331608251139635 110.56083331363932 14.762504154482457 147.0955287625669 22.889075536450967 0.1782877539045164 4.543668592287223 -0.24239616148115786 -3.222053468558218 28.170683890270606 39.129086137309834 14.191046094542203 44.05591924512267 28.088908351202 26.857257120842206 17.65525910031047 0.5286161017112628 94.59873355724964 0.5619615119257845 40.962457889343426
17 630 0 0 0 328.72998044977186 18.28112062358547 -5.357984449338505 111.97825067100467 15.128002602267056 148.17732335002688 22.453273905692726 0.19002094249371193 4.508016510282384 -0.23965815440435054 -3.0246478699172457 28.323607792467566 39.00526833720974 14.695219253232743 44.003610883879475 27.64742641312785 27.14966120302866 17.530621802766447 0.5395530156517794 93.31623916192784 0.5518867939477962 40.252599209680476
18 667 0 0 0 326.407029276871 18.15973926405571 -5.3076185995344884 110.51952735602069 15.273399460087177 147.1281400254793 22.493266953136878 0.18460820789919954 4.580734146433511 -0.25084141340672744 -3.0572038860213335 28.231447377199387 38.38327409620606 14.846478442545484 44.225441518465495 27.119932128757558 26.99144812497546 17.68257092538478 0.5356254956293448 94.31409436182483 0.5676599501281132 40.64410054868585
19 704 0 0 0 323.9493298923451 17.969401108839552 -5.219477818031421 112.0382663763001 15.663715135631456 147.6996753747964 22.28586566164276 0.1953330569750616 4.553351086079474 -0.27856915999608545 -2.9348860788395568 27.8889622035732 38.15608332989781 14.80324726449625 44.22822990578748 26.747674471408303 27.118490863746562 17.88695083973294 0.5239776156693159 93.9311927960524 0.5383281565864796 40.97605048593844
20 741 0 0 0 320.27089278451206 17.717493144149525 -5.219655917152835 110.84227614049675 15.83765418191054 147.68451778679102 22.582013731473747 0.195514001428491 4.663079475501053 -0.289003181683075 -3.0224378041086104 27.7027472284506 37.983971369343344 15.048084549570145 44.04900314338234 27.053009218420346 27.085093963556634 17.767708203992516 0.5209427633353669 95.21885537246109 0.528229497242976 41.19432001089434
21 778 0 0 0 318.63950598205395 17.685191504829696 -5.280570429003598 109.20830157915738 15.781238231631539 147.07921897448745 23.292736730899147 0.20481341953911716 4.482284339936311 -0.2975653344889907 -3.031806179727017 27.798624022354655 37.846686352876354 15.093479114881742 43.14629344244899 26.790485773429836 27.458195565933938 18.165281257203212 0.5183622922461375 95.31731334472211 0.5315638601705265 41.00294436929154
22 815 0 0 0 319.309058123734 17.788352132683016 -5.318052743464186 110.01903645150809 15.82985256112527 147.97930067565852 22.934455423663895 0.21065182557966955 4.576085268156324 -0.3063547013593649 -3.083044390692923 27.40578921425913 37.81169193663683 14.602755569836416 43.48052835914643 26.5311889509507 27.31329728517371 17.77184517594988 0.513749558570498 95.05138721489972 0.5297391780049799 40.73408932690122
23 852 0 0 0 321.71529767591676 17.735738291764623 -5.314893384852644 110.17995839234895 15.83372929211632 148.1807810739241 22.779848414479265 0.2077982196673232 4.640979990038567 -0.30129883550334813 -3.078053277175422 27.725153645401694 38.14316320353178 14.292882688624108 43.7771185721201 26.82029773919355 27.374788439457213 17.789789043935507 0.5158661902275395 95.75232515001908 0.5255626354804064 39.40977975976018
24 889 0 0 0 320.36445297419743 17.39294796166506 -5.30620494579769 109.10397714324874 16.11146950904424 149.24790794417757 23.071146244886254 0.20359312757647033 4.411535697734765 -0.2953208431824858 -3.088280423532302 27.77799553923153 38.37419628725244 14.542392062183604 44.48477526420152 27.41548387777868 27.47495247461471 17.87676263353214 0.5399846938670251 96.99297255302423 0.5364151571938995 39.69632352943525
25 926 0 0 0 319.45661812939886 17.444764156131964 -5.249995368374189 109.3742325094718 16.50675244143923 149.09399979714408 23.16629215072959 0.2130563290723678 4.475522959893855 -0.3133266834575383 -3.0250963959976938 27.705872082111163 38.63044181435167 14.38411418868802 44.16255419980664 26.839681343527456 27.559722154884845 18.120028040472622 0.5490614053005938 96.75011756543918 0.5410254046473013 40.209859348821
26 963 0 0 0 317.93286286365003 17.012441771552595 -5.198597488283791 109.15669122834346 16.445054130441534 149.28090896345657 23.30390163056252 0.20270873772373343 4.46690885119724 -0.3154642752499054 -3.015533362627453 27.67922768840873 38.52488384991794 14.504412471544478 44.163994526883855 27.16412660616767 27.514884672863936 18.120424697427733 0.5332147021917324 97.24352583516371 0.54478138739967 40.021371500785854
27 1000 0 0 0 315.99351217808345 17.220860055979628 -5.235490345450038 109.57913445195685 16.375890947652024 148.39445365054726 23.342469359242628 0.192336705888227 4.397074446439485 -0.3162383240255259 -3.0403367025256456 27.69736471417792 38.54398082223445 14.625287549777894 43.80953249410479 27.458955680198216 27.33615214081897 18.15371100781444 0.5273029651601321 98.47006022662136 0.545755224188035 39.36445806268537
28 1037 0 0 0 318.2609380345212 17.113787179648032 -5.314977686629795 109.9146356223406 16.31621743118678 148.6539412786692 23.55036483792284 0.1947559675398927 4.515663977058487 -0.3199984811832017 -3.0578089254855847 27.580391379737158 38.35505296670491 15.036632075674888 44.10130069513389 27.645238008737575 27.425922983518618 17.756777737313776 0.5131879239169175 98.20940697856376 0.5371510490084319 38.983746794813
29 1074 0 0 0 317.0193740886832 17.164239422841206 -5.279016591463044 108.95254134725157 16.556480857031705 148.28787342526587 23.311254568943735 0.2092383426886069 4.477969594749071 -0.3320697942742174 -2.914474946991973 27.35775277354142 38.058159079780935 14.85824513246994 44.67985463464548 27.835528704352683 27.44270364436097 17.81765190802867 0.5197628354897412 98.84362669643033 0.5330492349852142 38.606891227805825
30 1111 0 0 0 317.0922998533402 17.165371325467905 -5.326659515633212 108.15085080322194 16.406271099919326 148.67884696404005 22.98914849191143 0.21064348237439823 4.612226347061151 -0.3253959974520496 -2.94431571118279 27.286007068422798 37.95860358045323 14.889608793426046 43.967876213989015 27.957175073025166 27.24576084271666 17.989556740503073 0.5218690045615177 99.11247216759361 0.5424791796694368 38.03943792348642
31 1148 0 0 0 317.87777265803163 17.06006843647906 -5.280356770613165 108.70129441988712 16.42748869817906 146.6689716289087 23.07193164668394 0.20912262048644312 4.581811322422032 -0.3154774027103047 -3.017391900156996 27.47743486868326 37.56646576762872 14.960820129420327 44.54858401782041 28.134051487084008 27.19117253151159 17.947116569034314 0.5236986544385103 100.0586653626357 0.5366024902584221 37.88187276983767
32 1185 0 0 0 318.89464573490864 17.114748609628382 -5.359081058529452 108.65872468673231 16.389314792862404 148.35479685236635 22.911016554278774 0.21433853761525667 4.646778192028756 -0.3124321589414351 -2.992861172255789 27.385913880623356 37.75158385869372 14.544808997887918 44.00440007808979 27.94152454604323 27.356204857315713 17.64617653106568 0.5254471798696536 99.51242451889105 0.5276042311862138 37.641119298756195
33 1222 0 0 0 318.75596507765243 17.009409933821388 -5.47462028286426 109.49194631009237 16.170934139858787 147.92921642500966 22.65559168328335 0.21284299640548326 4.6468531328699 -0.3003997916241553 -3.0480944852205174 27.459579371958984 37.625259472384904 14.536545169811136 43.528272269833586 28.265909013773406 27.23669046189793 17.56382812432722 0.5299010169496684 99.0135207702794 0.5243635255581156 37.461141678556814
34 1259 0 0 0 319.40050857003683 17.04002475496475 -5.456051940233927 110.2107597291092 16.172864967961758 149.12083654404472 22.605752430654352 0.21890572785334614 4.605347139662308 -0.2980075020307843 -3.105623695423031 27.41396753408926 37.68621037627349 14.307625855157552 43.50318767554181 28.136360194232104 27.355397580599444 17.733130449236906 0.5290518231952548 98.76854348766827 0.5366108745906154 37.21004760691102
35 1296 0 0 0 320.2576525180804 16.902282454775055 -5.525938103449569 110.30167002616018 16.10821990405458 149.16881512942243 22.472020303279667 0.22481592062350056 4.67588529820919 -0.3009953323871544 -3.1747163391096676 27.36369739747677 37.73953304761022 14.434109178233511 43.39068335364076 27.969183815776386 27.304125006213276 17.71865717455504 0.534666053774797 98.33201197940728 0.5350222441729655 36.932024532176094
36 1333 0 0 0 320.45539226255954 16.994234959910067 -5.707281050487999 110.31718258987186 16.091649779737935 149.34605355686386 22.353224666959616 0.23113146407255522 4.72593924098828 -0.29921637536355594 -3.2425791027739934 27.174044623061917 37.29263531082298 14.376462464842659 43.93666237292064 28.073293601692416 27.378598069335148 17.381806462095724 0.5331843757250383 97.52160722698832 0.5301915465506731 36.80287263092663
37 1370 0 0 0 321.97511560284346 17.02300631210686 -5.7502782257044105 110.29183545587755 15.967801344337703 150.27326685695806 22.62425978701512 0.23940902085145205 4.6808142344491035 -0.3024266318277048 -3.359842826484017 27.188181218915336 37.35689255981912 14.140945629223971 44.92176642770358 27.863068084201295 27.52319731129309 17.483810500325998 0.545013427604916 97.24142556346978 0.5246157112006662 36.27842283502547
38 1407 0 0 0 322.3269515481595 17.100157686753438 -5.692031548981992 110.99790406740388 16.062519494804544 152.05187656895444 22.51058953875523 0.2501901014539486 4.754018825182701 -0.3034895716020203 -3.3009218899330106 26.955802987529182 37.20845762468297 14.161693512485845 44.75249270837599 28.322570065753677 27.528366384289072 17.504078040193914 0.5466618407879216 96.91106859044132 0.5311203701174567 35.7207566148373
39 1444 0 0 0 320.1246706612184 17.16692311444158 -5.626911795740066 109.82500864129204 16.16648472355894 151.8264714070371 23.105835156770837 0.2515987892257754 4.76597478661623 -0.31042036332703427 -3.237167029269464 26.926928665823763 37.60846056218226 14.130791632847565 44.41880255921045 28.464531401231646 27.626763572184746 17.637582812598676 0.5499011710893783 97.78552016139385 0.5438830713139565 36.091890403047245
40 1481 0 0 0 319.5534754154258 16.969524967277415 -5.619976241203167 109.31594901903637 16.14826801242518 152.9494578820723 23.212846503084165 0.2555719504097662 4.705213475285366 -0.3119917889117629 -3.1857686135245524 26.7739106175531 37.56117556077559 13.869703403323873 44.08894684176651 28.319580166624828 27.747419841073455 17.655079459352116 0.5498962602036482 98.1182743026611 0.5524669935657517 35.50749029298297
41 1518 0 0 0 319.0027325006995 16.96846133556728 -5.6142300533644915 108.6513115666203 16.292654818908282 152.66642426572471 23.376761125579694 0.25555095825739294 4.648531643421575 -0.3156406729096843 -3.225643030906062 26.719170246458393 38.20536698905388 13.688618955180619 43.492208583444146 27.85508003808793 27.71011266016194 17.88808045002598 0.5415325491667087 97.62339562199365 0.5596623098754463 36.015499528101
42 1555 0 0 0 318.4858086223625 16.790591597296302 -5.704600974076543 108.22634139724147 16.394193617407005 152.7532991832599 23.57718933525298 0.26215650184908046 4.621170746519279 -0.3152560607279554 -3.22669179054165 26.77614006978856 38.86769725621033 13.598404188818307 42.77306154510127 27.85304379721825 27.700119248855348 17.997896246797993 0.5600769463807744 98.33359408645273 0.5703869048400865 35.72818784460488
43 1592 0 0 0 317.3143873711571 16.744541683057726 -5.67023108929923 109.2449045336527 16.52317721506063 152.30714209793868 23.26076799004576 0.262845320695754 4.594696646447578 -0.3035389680219236 -3.2379088283588073 26.62980744814854 39.12475681367883 13.580805101004097 42.476769609743464 27.918530128189797 27.471410926282996 18.1254301371077 0.5586337656571763 97.7566442764608 0.5615354506568843 35.477306235707665
44 1629 0 0 0 318.7204502127555 16.784731434308895 -5.771205941162853 109.35269371675174 16.620615002514374 151.83124087431477 23.17872536777738 0.2629093829447086 4.545421993171426 -0.31466245965717454 -3.2441704109817278 26.82130814190078 38.811235499298974 13.41031792807802 43.31789304593259 28.067629995948643 27.704291612701763 17.68259035273025 0.5710843549836327 97.55728314917508 0.5778013805569907 35.24793036175092
45 1666 0 0 0 319.1392274698953 17.138841201966713 -5.743737202120575 109.21888617362156 16.663024301830855 151.5046837412451 22.6587705492945 0.26201056117419974 4.4670728551974435 -0.30737528082776633 -3.2477318868436407 26.8482657546097 38.834318047070894 13.29693246574467 42.867953860535884 27.73187129263832 27.51431152872748 17.857004683807354 0.5664031799793954 96.92352533223242 0.5668519592381535 35.00455949185162
46 1703 0 0 0 320.2411385097649 17.405844849021253 -5.856314527281716 109.1997764637151 16.691157910174457 151.0641604854918 22.66381190508679 0.26848868130369036 4.481633851545641 -0.2978761866366031 -3.3077122830148786 26.94955787129005 38.94009312241729 13.090941466616242 42.5287016701657 27.51789029904434 27.55844521059322 17.795534193410376 0.5740438902348929 96.40713871394904 0.5639793321454084 34.75906021899019
47 1740 0 0 0 319.2703485015049 17.52862570438138 -5.899127306907464 110.93122580333163 16.79290364304369 151.65496807872807 22.450135264397446 0.2741164709820917 4.420998339005679 -0.2907092131197169 -3.41186585618337 26.756829814564423 39.53724626603688 12.646623153503437 42.63568372902593 27.179629477680063 27.555748761549754 17.713162607170048 0.584517087905101 96.41837656355816 0.566633920202175 33.815555350158604
48 1777 0 0 0 319.2130736826291 17.453121248335457 -5.944658919330536 111.84700587663544 16.845743128693012 151.69981749129556 22.23368903603757 0.28370407800207303 4.5785253828207635 -0.2763489856398875 -3.492997205280567 26.54041197058686 40.22514195826263 12.43811514134559 42.323984689712766 27.200131648826947 27.32763222370074 17.979208043448416 0.5855859378694896 95.62141729452955 0.5695753447028258 32.88595336709527
49 1814 0 0 0 320.2114149086443 17.216635804957324 -5.8567361302742205 111.73844091340338 16.82236349409457 152.75941614241452 22.631168512501443 0.27590257877264446 4.5938837725448955 -0.2775252839000947 -3.6067614046177856 26.534406525023446 40.717481022571235 12.174241576509655 43.13562476968606 27.324882659359545 27.372526386884676 18.087185159053522 0.5881544112856711 95.84183334890416 0.5792393601484157 31.997452834897175
50 1851 0 0 0 322.10755077231477 17.350757453927386 -5.85219327305525 111.58497854527137 16.664209252023962 153.39774785843127 22.876747338843394 0.2850902138293988 4.68790266931702 -0.28866234688829673 -3.606571709145055 26.606674389988047 40.170055413862734 12.242622214869408 43.61726646437601 27.618400737699467 27.55411145860505 18.159833226367176 0.5879160826192026 94.9787272663802 0.5645226771549782 31.79443362987437
51 1888 0 0 0 321.399885143845 17.312023928510428 -5.9235530005178685 110.45981497252909 16.675232639188753 155.46839950749163 22.97692079124304 0.276855602782348 4.772058974804038 -0.2896772414301658 -3.730848550827343 26.854853237987594 40.40973116947783 12.068653280396122 43.187106405462565 27.74810504285673 27.856321113211486 18.053253316287734 0.6103866680721214 96.1407991828945 0.5799869610224379 31.065458375250845
52 1925 0 0 0 318.6197657396942 17.256393582035308 -5.944676683987119 110.33766774890213 16.57838730513843 157.18897718569164 22.780146927502702 0.28478043441476886 4.73651012822172 -0.2900799068077458 -3.808828073775309 26.770427905449797 39.617487453218565 12.337469382767733 42.71024156510341 27.790330615883416 28.03112657592332 17.959944755983226 0.609610299504086 97.2624049012381 0.584246880389073 30.317532027736586
53 1962 0 0 0 319.34686806020795 17.27070484249643 -6.017977165006667 111.2400697402653 16.697600307787503 156.9318059628549 22.50573151892893 0.2947462982883787 4.89406045823184 -0.2962261905050012 -3.8334928326511366 26.786999930511907 39.20693762137946 11.664543139572896 41.990434366900566 27.639549758897406 27.958095407633856 18.045128117339438 0.6208201536048604 97.57596806081196 0.5858199012280035 30.422803688117245
54 1999 0 0 0 318.91753180629865 17.573746817616243 -5.997776750283588 111.84405030125212 16.60283653865286 157.64843040686816 22.14382370307892 0.31014005389218313 4.825318872945726 -0.27994107439822546 -3.869639876552114 26.528365930859955 38.645697327388284 11.392669927560142 41.677675480300145 27.671882971844767 27.917075251879986 17.885373449906954 0.6258094159730343 97.25929382374989 0.5939074883747539 29.127146022504267
55 2036 0 0 0 318.97556687937885 17.698269999294908 -6.012388549060136 112.59582189842953 16.76406794614961 159.4230383822607 21.58656024904849 0.309290723939333 4.86780223320353 -0.2773136943485304 -3.9473667924718145 26.542766934310812 38.64610938534012 11.531640265781519 41.92871235334202 27.927464673995708 27.997303452622493 17.827041406057766 0.6258002039967759 98.06811327196192 0.5956400979906094 28.07472340389881
56 2073 0 0 0 319.1210129916611 17.381976943316996 -6.046624717172063 113.71821492546229 16.93135510490287 159.8106920445046 21.69127682088383 0.30852709942566164 4.870714615703073 -0.2653083299168159 -4.014068389509056 26.593671292154596 38.15844877427956 11.264720879680265 41.952483957436826 28.084967817983536 28.107316639991627 17.66199370153788 0.6270944200884434 97.83053829953487 0.5723406221034916 26.769646847007532
57 2110 0 0 0 319.1054876659113 17.833614082326193 -6.346200574633896 114.89452510075897 17.080161029703657 160.81128151315818 20.88192772659528 0.3438571499794925 4.839970813726579 -0.2437445835372698 -4.10417094867334 26.376830092047683 37.00121697549902 11.078924954097117 41.67446887802559 27.449455044924495 28.121331818999337 17.50666854156488 0.6546569803512532 97.0876120286759 0.566650939843016 24.867412350441757
58 2147 0 0 0 321.1889684819402 17.400220711767705 -6.3612926734064095 114.44674568749882 17.04205791362459 160.46197075601938 20.660495822855722 0.3481893839158154 4.799120696312026 -0.24078625782083415 -4.281367640634485 26.364194936956704 37.21650824837022 10.805385783166736 42.60009714489525 27.498638822576012 28.10599302273823 17.376733449275324 0.6650529819348789 96.36403526461912 0.5769700605643113 24.48963331354659
59 2184 0 0 0 320.80563265328135 17.08611794223534 -6.366331931434803 114.19648813654216 17.336413225875305 161.64222346840208 21.255787097681225 0.34608263673682166 4.783920728278183 -0.23311629959740285 -4.369184205354756 26.350713839352814 37.34585419851306 11.197498840224997 43.47985951992396 27.904884855676105 28.40779289444473 17.37409271097209 0.6673585387816774 96.2577592133413 0.5774381769603676 22.708090775580466
60 2221 0 0 0 323.8337854815045 16.679967322386034 -6.382978976702768 111.99452525388332 17.620187792128732 163.3045329064827 21.065333608478504 0.3619671151115871 4.730234878983251 -0.24472695764629512 -4.4177708846050505 26.117607155305226 37.839697150823426 10.587700041473953 42.673314490295255 27.85976228802571 28.40977220483256 17.536040197624903 0.6634333909952512 96.20099418828869 0.579290771611871 20.672434790157098
61 2258 0 0 0 325.1985189767977 16.990190325377796 -6.439226030799888 113.632992455417 18.108558628841358 163.93958864627265 21.39242780452149 0.36081498301252807 4.6533259472978985 -0.23528136870743357 -4.527935622052187 26.461892871937724 38.12045985347267 10.912632363392468 43.57872650526654 28.40728778146162 28.877534642226227 17.013471424498444 0.6889619200578336 94.37921600530305 0.5698147771871639 18.880070391384777
62 2295 0 0 0 330.88793944757026 17.303999847986507 -6.525867484106123 114.01256616310906 18.13050455941391 165.16496403224815 21.701364038013683 0.37577371425988043 4.606215146072448 -0.23237966987021308 -4.683195859620086 26.204511814071612 37.31100144366912 10.789938025325773 43.89660998349143 28.506880394902225 28.91827131992747 16.77000678248623 0.678083286499292 93.16156143281721 0.5463761412031437 16.369410009868755
63 2332 0 0 0 337.21949612071154 17.25358261722394 -6.382688343002235 114.63123159839793 17.588947402250813 166.30633180670938 22.04878794281353 0.35138935198226323 4.841423815800049 -0.24648160097998487 -4.849031558783302 26.58219278554829 38.628567205849926 10.546157008928398 43.824466582949505 28.26491661230099 28.94706165281477 16.900614103836897 0.6747953675460711 93.10346889446707 0.5698537542523662 15.459015266747352
64 2369 0 0 0 341.7239408035872 17.506145126901334 -6.620338871001766 117.22973597184699 18.028878372635166 167.1087787405482 21.802381300501665 0.37525021904029987 4.862905843348624 -0.22109229623372934 -4.955743209275088 26.36320973616427 37.14345020447435 9.528202537052726 44.19398926705894 28.24173771927563 29.081346617273887 16.599970676946576 0.6938552744629897 93.90075226382383 0.5639291620070623 13.286986577341471
65 2406 0 0 0 340.1566103393802 17.576114789663233 -6.577218927661915 116.47243305373684 18.237839585402483 166.4090324861315 21.942333445604557 0.3682880662353735 4.823824183449426 -0.21947239078893843 -4.891771791955191 26.692122185316656 37.079097413549334 10.358491772716931 44.16333712152775 28.119532340891016 29.35243531375814 16.388961904687726 0.6929232055628639 94.57163558003046 0.5409176430410274 13.569975142512739
66 2443 0 0 0 338.53298552813254 18.306961946229666 -6.510039105503982 117.45424890831559 18.217874889848538 169.5505993278297 21.92507064476662 0.3944933826912483 4.8906440009285665 -0.18940158995205075 -5.018370892200579 26.361610381266303 37.79271654851395 10.100120220008751 44.09560738688655 27.274672999551044 29.5451382419951 16.30411900057764 0.7181277750289805 92.72800928578353 0.5409655133864518 10.30073400842849
67 2480 0 0 0 339.2734421757511 18.227625364091406 -6.575970518915384 118.67775805562565 18.011247950474143 169.88945751762577 22.3725089983973 0.39794800342779096 4.915912884514549 -0.15061279083733073 -5.297245044525371 26.20987746543005 38.3455060018923 9.434954518885272 44.68079706666752 26.58445302498663 29.521011824599146 16.284334007650244 0.7401057132857204 92.96054057650977 0.5379072265126401 9.516417404314502
68 2517 0 0 0 343.6990354716319 18.30463484548637 -6.64776777178219 119.00764025288652 17.805141687703472 168.77244834110107 23.092569999098725 0.39034407476683036 5.002879027524685 -0.1726333141807918 -5.386351410696421 26.487695741120117 38.77471072690394 9.877690471793407 45.92040869309502 27.0229251799995 29.79372551629786 15.923111007647504 0.7494911355064551 95.05243276396375 0.5789927154379313 9.955602277428259
