% # columns="iter, evals, sigma, 0, fitness, xbest" seed=1034448, Mon Nov 24 21:49:53 2025, <python>{}</python>
1 38 2.2685147540223665 0 2.2174582587644904 333.14058677282407 22.61536246475037 -4.17112811457018 99.2253786809212 9.705774470858511 177.18463515400884 25.524292257765108 0.08049174164138793 4.718954085825992 -0.31851481840568563 -3.921518645755719 31.934899403485307 47.258989798232555 15.495335160510932 49.60884310381305 27.80410998896107 30.654477938213244 19.15704412084429 0.8028014539687207 105.74342837213248 0.6078086093979955 33.37829972182115
2 75 2.148220798273652 0 2.2700166806388116 368.27362351924694 18.537162342185862 -3.7892612369150513 103.95263628930661 11.87959848704971 170.47151155844452 26.861461462212525 0.057051307402550155 4.811216085659418 -0.4241010194908096 -2.8527416117077413 30.955159297664157 44.909435483277754 16.700911742077558 40.616761468503384 21.673670292924392 28.32119269595904 22.408804584756663 0.46330555655282935 92.35569078275066 0.6586195336299197 44.09224465425875
3 112 1.9308937616452744 0 3.104106867277431 364.4394737825437 16.429105102235937 -6.8276866837072845 105.03554104065307 12.557425109951991 157.82751087577577 21.006877798539126 0.32063671432280827 6.00636810660945 -0.30380857321874644 -3.7395320927860713 27.889508440266976 35.1361576815597 17.564434821688486 54.213154548451605 23.208964207744955 28.258473913710986 18.678709406573052 0.5014074018938126 95.31783854756135 0.6249616868691334 41.36388452276844
4 149 1.7386851453282361 0 2.023910753232442 324.00472201676683 25.805490461245775 -4.261761421859283 105.45624518546822 14.976700572871245 130.76776336930703 26.579307055067197 0.23027459597973504 5.261518329537704 -0.38880818493011354 -2.8803081849989836 29.388077335715163 40.09515335839746 16.565994304882004 45.55129783642364 23.763481628344252 25.79106113350409 21.696190018119772 0.5696148524156776 109.69520048989268 0.6220630851656557 39.21725785174893
5 186 1.6535865092720967 0 2.2896735263367476 342.66587517007724 16.8583461634987 -6.092676914558742 96.02439260511778 13.307649770426233 149.66323029194743 21.096720502035193 0.19190507285769995 3.4501491334521264 -0.21962159275385712 -2.892624601903401 26.77945210087562 45.63719444405228 14.211638530665644 38.895527074826525 30.07872267829811 24.607833289622338 21.79013393943783 0.5032594561112377 100.62268127969874 0.6211649526620718 43.472429749898104
6 223 1.6172759875995473 0 1.5259598307134943 323.99755983616535 17.761070197562187 -5.039463255079467 108.4995257215345 13.185325479024119 155.61814215805646 25.31185002886503 0.06215903547163243 4.832186990561869 -0.23084187171962517 -3.0920917565411794 29.55053530476699 37.53598097847832 17.283907859509032 40.20850583848921 29.049468849751435 27.12025216702001 18.856609446401592 0.40113500791272 98.69678869032174 0.6290881616271228 39.670296882490014
7 260 1.5092907785408776 0 1.645630225096605 351.96072948617604 20.521587938757207 -3.935639309058776 103.68535944207464 15.28217097476271 151.7468325554727 21.940543842027637 0.13019801701036954 5.5289003644858985 -0.3555941117729279 -3.945414876048325 30.51889486972862 37.0577989348683 20.962153532461173 41.31610826010695 25.74439437256233 26.927578216147563 18.60054447815476 0.48480552486577655 111.4238734959727 0.5881719607594038 44.693290516730706
8 297 1.39831455087118 0 1.7870545918031542 351.206821788273 19.725159640824298 -6.938895222594372 117.03717368742787 14.553712999170298 142.81146218531669 25.73369888370432 0.09989972754226109 4.497134984629542 -0.33227143007307536 -2.7594415426589287 31.10118983953383 38.2433433486638 17.433181977930246 46.61957654740578 25.939621049944826 29.783936133681944 14.27420777288687 0.5920439609124589 102.39543515706107 0.6263208351816129 45.23151042306124
9 334 1.2885181632748945 0 1.8189283042114708 333.67673273764285 19.480182590920933 -5.0921867573910164 106.90182795601172 14.023519073846867 147.29999547655646 28.0233619757649 0.12860498399868764 4.061298167865834 -0.2701476541915268 -2.8765360711018584 29.487426826631843 45.40495071096111 16.803923228383294 44.42137734526861 30.79737962990904 28.235507079754548 17.720818620632958 0.46481822051182864 108.23497769372506 0.6701569881290821 39.7808261146132
10 371 1.188735771974815 0 1.7597822790773336 336.9594753419948 19.507181515153714 -4.698353677033544 113.38296015673757 15.055708883732011 149.3346080210681 23.614043146339323 0.11903960019838417 4.653952365254155 -0.133860261118177 -3.1997621592838947 28.866799377358188 43.84746613186906 16.620633963542872 40.80149817760958 27.328236809470013 25.98202343514785 20.60856362467902 0.4157562812142265 90.19193804553231 0.6335899273237626 42.893515862015136
11 408 1.1303440915859901 0 1.6813709525046978 324.67533544555226 17.848850087993746 -4.909569520866362 120.17661616097736 13.591470471654143 146.86203095722257 23.624579600473265 0.1426998564087495 4.578661930928108 -0.1406507614737536 -2.8685645273339393 29.218070857076924 43.94809843470212 13.590909302951866 38.12191744374042 26.39966766009296 26.866119967716344 17.358198638006698 0.5066790296060854 87.05465393407607 0.5866001800244544 45.01885237737836
12 445 1.0651877744385727 0 1.5887628533846383 315.5126150423969 17.548242164430913 -5.484905861265937 112.64790704853372 15.026869681418217 146.50787920790765 24.65870707634072 0.08667535995580114 4.523259874043401 -0.14818288246369532 -2.8799118391546057 28.857345223784947 35.41482438393313 14.663347037233326 47.76012960635698 30.837301564742596 26.796993659076236 17.788855705534594 0.5411669799373137 99.80235865622149 0.5510633088973506 33.911975153655774
13 482 1.032292915814489 0 1.4427107645379595 318.43900928672895 19.342570763512818 -5.443076431979209 114.17681743446268 15.921981264781639 146.76460814471812 20.904400127621624 0.19148675756085698 4.897151363598027 -0.2393809844073407 -3.141077521899798 28.03665416662462 40.67648555106821 13.392128920351066 44.756596850459374 26.53646502734413 26.727574969613816 18.024550308306782 0.5892265875049496 94.0594328073147 0.6142686387273327 46.88522443052257
14 519 0.9436692724052079 0 1.359849165163408 327.66210705260187 17.737704715925585 -5.650574034686365 111.0918226238675 14.617859933620105 151.56936083357846 22.469356995967036 0.22632173056410526 4.609593021365811 -0.23160070613355316 -3.185830783311302 27.33582397104864 39.39839969772551 14.475209893870431 44.943430619879926 29.803286025537574 27.06092097566727 16.61774047422882 0.5867444056917633 92.4645517107727 0.5635845636377531 39.57878611865403
15 556 0.9439962193590838 0 1.5418220755491638 326.9434663762191 18.35453214996259 -5.560495377944902 116.63700619588495 16.061283810715157 149.5670172716861 21.75209196113035 0.13851149022003464 3.795964335077103 -0.2868894373337719 -3.262903341513972 28.920107966361154 39.50667438203363 12.346856490097572 42.49720852931467 28.435568703649857 27.179335309316095 17.46987382252467 0.5673615213016276 93.41603023481866 0.5920081598247776 39.89114718934446
16 593 0.9155041354866087 0 1.509092562248721 332.98050121058355 19.12786771136996 -5.223345639778249 110.35949261004771 13.943310951144891 143.38295534151845 21.084814913578217 0.12312169818759094 4.377664673626873 -0.27688376701950634 -3.603774886749811 29.011119451815375 36.05250855936903 13.272014204133624 45.48050341716801 30.400176284988365 26.505509532580454 16.816567710194523 0.4391406079073719 95.48358438739137 0.5329884905843207 40.069753383026075
17 630 0.8770761347809596 0 1.5559296307591224 338.43291744455615 18.495345234087676 -5.357263261921769 114.79565307524233 14.768316207122135 152.4595787757681 22.414114098202884 0.20606722081624118 4.772704970274847 -0.189033630689739 -2.851709951982967 28.46484420702424 39.079006934024434 15.169574325228485 45.23894287945622 27.403408633011363 27.61585297160225 18.093348709097747 0.5487290133954226 89.69270265042668 0.5625540620072249 38.26989305378053
18 667 0.7856791808311384 0 1.3486263327365804 323.3271460538486 18.88443715348814 -5.022703226223161 113.75479296345296 16.82077972010677 145.49879919878592 21.58189322377338 0.19584173245216735 4.6820545275578525 -0.29782874056676756 -3.0489037520884112 27.26319901549047 41.97307251848633 13.440872606831146 41.608918479331926 23.380055680080527 26.70927626349811 18.714512734791743 0.4695399246677757 93.44374366501698 0.5220299440455839 42.37840650701645
19 704 0.7952301986493159 0 1.52417987222593 319.71207104759014 17.878773034153205 -5.064179860406064 110.81569457718933 15.536257881684971 143.1518350828936 21.826589879966185 0.19491051207444202 4.934696679432952 -0.3257563608730926 -2.596486658705742 27.65162938212596 36.88774337828904 15.073503882413966 45.69641133677706 26.458496596482348 26.35343272645313 19.541611196050127 0.49992721841141974 94.6870227005707 0.5443361610911676 42.600719462691956
20 741 0.7799493664436259 0 1.3390114026785185 317.124974802167 17.311986030053166 -5.199993630430841 110.22751407980705 15.79038865066391 146.40543054369758 24.33453695840888 0.20252134349055786 4.278443598261073 -0.31059254313587076 -3.0284976345628216 27.515353331052072 38.35608125824055 15.61464327842013 44.245423571640465 27.604785059376134 27.22646560624254 17.865111265616843 0.5270513314448504 98.64875036153767 0.5582080819530183 39.01419258785736
21 778 0.7752186663938334 0 1.468831281534402 324.287928956328 17.82588914407012 -5.590816650545079 102.64769839300585 15.227888401471906 145.7960572496056 24.32873124023047 0.15987911571109478 4.457396164656623 -0.28895994144179943 -2.839819865105416 28.449213757659876 37.02221033941766 16.55972842530163 41.575835685200595 27.40847021942207 27.410692516561777 17.694585717579276 0.49561442019172935 93.62596879154019 0.5379098357068915 39.94522848513582
22 815 0.7172170329098493 0 1.3501710942937628 325.8207662268125 18.622730241945654 -5.2733421521471175 108.48112838126983 16.368829030630696 152.5475599305533 22.852052072915637 0.22510008040361862 5.736869327173998 -0.32796253897487354 -3.2717692199444097 27.15750171115881 38.413984385443165 15.815714831851158 43.84663561762775 25.701989904408304 27.988479329568307 17.551828135518264 0.5021626510549487 94.96611845317808 0.5426268680755829 43.80020310740813
23 852 0.6545335001501619 0 1.407597132350398 326.5737641244981 17.48614507456051 -5.320244393926602 106.73724095830387 14.817834893436089 147.567113696547 23.319180978758283 0.2425611002814671 4.752439196338209 -0.28905974915779975 -3.048345938726839 27.05890342429129 38.20340325477919 13.542066542628994 44.328762559659275 27.183569192858354 27.513504793486327 16.119951684650474 0.539519222878168 97.10523904387405 0.5072782262784244 39.66202178819221
24 889 0.6304163067325129 0 1.3474028169350112 326.2166617912621 16.64820288497292 -5.596175720633096 107.22441317891044 17.469511595942915 149.50961322612503 23.836113073953456 0.22448593225697275 4.566259650373508 -0.2761503797837282 -3.0440094974873477 27.985817540097308 40.47835183947391 13.722574695678802 43.08326424785525 28.885125744862655 27.7095338767874 18.380999933499517 0.5527882263500278 96.70988683648267 0.5131738734414909 41.09814276805709
25 926 0.6040943998118469 0 1.3547200507426551 315.2185810569699 17.427257460378204 -5.5250485461147765 106.80681466072929 17.618805780059077 156.0435414296341 23.170941882300536 0.2545148966596664 4.874352431192851 -0.33700876948588193 -2.846406441815009 27.336648589805833 39.68312556447596 14.76828511736469 42.837769466615555 26.835132375959947 28.500498136245916 18.451815231366115 0.5517485715323542 95.94768152910513 0.5161042043675172 39.50903908758059
26 963 0.5531010902923831 0 1.4052699616381121 324.4979159343713 17.22724641556 -5.0991599191968815 107.48886241093383 16.822478626837132 148.88799244367112 23.054045124074186 0.18293782223100133 4.457498533687798 -0.2888357574336226 -3.033938440491531 28.520605508525982 37.464217301059826 13.889805874691072 45.40283366131249 27.86197936716967 27.47690308842198 18.40742154268759 0.5684200235994958 95.6239240841044 0.5648186928640966 39.71912017214605
27 1000 0.52640432712613 0 1.3450571047270476 315.8391003080815 16.860275636954796 -5.308455556193049 107.15980067189162 17.097862872929888 148.10534221387698 22.68321570899562 0.2215980669474574 4.238785963203823 -0.33262503785789077 -3.0854265440725617 27.122555898074175 38.54597232494594 14.47363697037567 43.11591938737964 27.270835596624465 27.339238835330878 18.577036051337632 0.4974031718930942 99.17132525973551 0.4983392253636453 37.914067552406905
28 1037 0.5031734125912811 0 1.3594027597679958 325.243937095331 16.81374689586981 -5.6438076295932325 110.83097344819963 16.211708091828235 150.86775896832083 22.875240344621005 0.17509549566153812 4.714576967026597 -0.2739079289860504 -3.0224012404142053 28.145300265924973 38.87394090216847 14.485758221725563 41.62530698052847 27.3347675975589 27.615717236155728 17.323355430698154 0.502137312731312 95.74910061689374 0.5137087748853104 38.09564246762406
29 1074 0.4987214313638908 0 1.3389928084847225 314.84980253287387 17.392868517010037 -5.31987029801893 108.2591361128093 16.672975427531718 152.49764352146775 22.535916957809405 0.2286172589597863 4.729740243403247 -0.3251914228238634 -2.664911229938622 26.814083883793153 37.68659555590872 15.276034228052014 42.24694139093367 28.442895588983117 27.408030668655226 18.022672992236604 0.5123013449568201 99.91474021559995 0.5242118997135022 36.37231538797079
30 1111 0.4964396290378963 0 1.3541182268837464 318.2715453074101 16.52159241527527 -5.46916799464167 107.78803740232766 15.573776047290593 147.7236365939757 23.070707141491024 0.20247954422377784 5.079869595638136 -0.3340543625769957 -3.070031506165631 27.630069932737925 38.495177106761695 15.81643023459445 44.43333771611931 28.135394546280764 27.407584446889096 16.87290710618078 0.548891276743078 101.14334560414052 0.5873119060798716 39.04486876269067
31 1148 0.4855619440311774 0 1.301258554777162 314.48999490984806 17.85127920471694 -5.507777185458354 110.2286766985937 16.677611279140606 149.61702707348422 23.10511710829287 0.20820536951373841 4.374778345769338 -0.2910035718321866 -3.1909046111008745 27.31542272744881 36.51934032131252 14.768886781750334 43.298145671538066 28.80003016074306 27.389267771854488 17.74144472727536 0.5248669374197961 102.07645733236556 0.5223832935010714 37.41728914230966
32 1185 0.45451668174250554 0 1.2961330375010744 317.81745078765573 16.990191577920935 -5.601202302151328 110.72383920304443 16.44369513776043 149.93108937717463 22.54848455887864 0.21397203459607478 4.662049953054134 -0.26959300790135826 -3.210903781013845 27.061048345828425 38.16070591091775 14.622277053036823 43.75627548742507 27.216721864132136 27.21414627708393 17.53134836604672 0.5312087783952869 97.9772296749862 0.5332992851375865 36.06462135778956
33 1222 0.4470777056223291 0 1.3303530702731214 321.21469398072065 17.256510669120416 -5.575842090003634 109.30391010016778 15.506955610061052 148.47648276835818 22.866798035634172 0.19801301734006202 4.67628456094136 -0.30204909565809673 -3.0896900889561385 27.533763328452753 38.45996693871313 14.057753533945164 40.517653283502305 29.09945728144577 26.687227551023042 18.529101580884024 0.49443469681639407 98.08662386234305 0.5073851649212949 37.04862598996127
34 1259 0.4351141465095078 0 1.2964504781438964 318.2780690805953 16.132996854193212 -5.460308431878357 111.9186536938553 16.537419035884145 148.1399528156895 22.203085016390364 0.2300223107036517 4.556230683570897 -0.30490036661691955 -3.3080865074725696 26.837326533416963 37.52410639656755 14.49132041072857 43.96641470589791 28.21089457185818 27.079119811809807 17.631409877694313 0.5172996681863667 99.00416228536444 0.5539692265912142 35.663395095604216
35 1296 0.4294269937258129 0 1.2830479548166223 321.36984479964804 16.699880742258703 -5.64749629768451 113.9375098771624 16.861042045733953 149.87674004660954 21.232860659814495 0.2408349356664948 4.769859247259849 -0.2841308381394259 -3.375782322474735 27.361291795615696 37.93453659425772 14.00258702111355 44.22335765886483 28.612621253815277 27.33071222196635 17.477000988929248 0.5481929499433297 96.07506476765803 0.5078437564781619 36.80267449609121
36 1333 0.44407076006484764 0 1.2886345122032568 318.2569678826829 17.628317635897357 -5.550716723791081 107.50075343603977 15.437280243385542 146.95953051844003 23.570926730392713 0.26079348720482176 4.8605299594172555 -0.3397246911650455 -3.185457528427086 26.928742469134395 37.68262228657652 13.608263215601335 44.20355904624336 27.038232162286413 27.648085036396186 17.290702006298975 0.5440387816981 98.63229893902354 0.5277117689153161 36.80101341977631
37 1370 0.5019212677584859 0 1.2623636585622062 320.19846621530627 17.105008777319274 -5.849752455660183 111.41859966940811 16.370450173352562 149.9464835414401 22.73485915426769 0.2657199466060365 4.870505528738726 -0.31388738607942085 -3.546625175972689 26.625769460185953 37.566794699761104 13.799077547614656 45.32978765944289 27.00157516694579 27.551854855900974 17.787477239722154 0.52846900144793 96.39378239837191 0.49915229419896373 33.550987695558135
38 1407 0.525968836477233 0 1.2280285371159443 316.4459061661361 17.377467429950944 -5.467704700273998 109.89056576676948 16.619401200681764 153.45691270014672 22.92350682382216 0.25015080266774475 4.819703266547522 -0.29591167466202123 -3.3327388097907957 26.640098007701262 37.69491416214601 13.629440252706642 44.10778377601399 28.09127253131736 27.732582221198555 17.405921722325452 0.5554236062974944 98.55347131897982 0.555459977054773 34.36615198386788
39 1444 0.5101312383497673 0 1.2462240827244606 315.99479434381396 17.36956864734747 -5.5026705147373205 112.16755777568824 16.649958046876442 154.17778586927312 24.08600711511268 0.27471365355670285 4.696466286479275 -0.3201258026481759 -3.0711788143537913 26.420893307934502 38.62399327283094 13.278225443436597 45.49957328456882 28.38952950225726 28.017545656098285 17.67679163551999 0.5663033167885151 96.62548725130304 0.5689756055089699 37.07922261487367
40 1481 0.5000405131859071 0 1.227434484490722 322.9946751562187 17.224396288231365 -5.7513804039415835 108.7976505757369 16.88026950985329 153.45297749648077 23.771765604453304 0.26577426195872667 4.564012905459021 -0.2813220493394267 -3.243528127681159 26.593379928314693 38.66729365124023 13.041339657573817 43.22830826019434 28.41095100147489 27.733019701369724 17.647247436818986 0.5572947486543182 98.74669138090678 0.5606799814231911 34.9804061831942
41 1518 0.4950856524515976 0 1.2724524851243841 321.4252801456779 16.761138701910216 -5.40018462221895 107.34669137660822 16.112384379533225 154.62720830314956 22.857358623463437 0.2582880447480378 4.625485022700098 -0.324713298584975 -3.2059367458786445 26.2067428594047 37.34284055328055 13.52440395091471 42.8272267843188 26.968692479117962 27.460388727822593 18.131655392489208 0.5129053297443511 96.12717416536113 0.5770674865921315 35.57693307560832
42 1555 0.5244652867260784 0 1.2304432116685495 322.1158728857674 16.44857029001345 -5.616810287647834 108.45598061505058 16.16591583870245 153.7246932770554 23.874710643224784 0.2637357105606152 4.708008075597813 -0.3133834492104368 -3.1983992483449404 27.18410520053833 40.18765203364198 13.520044460775981 41.83128573311842 28.73570885618956 27.65771121245521 18.233335854651706 0.5821658522660862 99.83347087237031 0.5711115288473582 35.264586726011956
43 1592 0.511674255963729 0 1.2608401047848212 317.3259407673533 15.952099852028747 -5.24657350471849 110.40794178141655 17.720959381573472 152.91090190626946 22.595242887695623 0.2362964172847359 4.515892600532013 -0.2705697934814375 -3.432992660655756 26.73514527954906 40.081226172636725 13.365891606048061 40.645144360346535 26.423524290345185 27.25427991650745 19.042069333982024 0.5294635333749217 99.82271501845136 0.5478448355709487 34.995549660049335
44 1629 0.49768849125707054 0 1.2050493175405537 319.45413357827823 17.210700018195634 -5.802963978211373 113.97706858673966 16.512709004387638 152.47350409301765 22.84761030994085 0.2621965608459467 4.4396978576400175 -0.29317105204330157 -3.598957829297468 26.52012786453008 40.26479918386504 11.866751295300137 43.66959959702411 26.312077267871626 27.61635223411038 17.964132781162153 0.5684664894899508 95.99302276947789 0.5713570853725194 32.75043660825349
45 1666 0.4814188230517275 0 1.2187319161729913 323.1869230448812 18.273717631559986 -5.89607037873664 107.25168388703075 16.13224410106611 155.2823386405542 22.640813370700293 0.297348527992312 4.561609327193527 -0.29109491184516995 -3.3608983531835035 26.520736741663995 37.5038252050231 13.296063817345841 41.54866577659857 26.65052939871754 27.812083238871384 17.66202057793622 0.5634289227165951 96.64403152825183 0.5333574485813813 33.98308405327655
46 1703 0.481766777907062 0 1.2616272256095475 319.2137733267802 17.157682907988338 -5.9190494286434205 106.8882728896133 16.834358352463635 152.72201724427597 22.00578493668486 0.2628514440675799 4.316083991236536 -0.3104519708989088 -3.198064599762951 27.22120523265176 36.51794146558912 14.38018948797092 42.349036669021196 28.613371229524493 27.53020695002962 17.794959922537576 0.5747356709617237 97.76704240747259 0.5640835339287006 34.892457511789345
47 1740 0.5076301632931983 0 1.2357802454160542 326.35119231436164 18.581240629095795 -5.710758997276857 111.06691069750606 17.10559115004786 152.97274460846756 22.649347821006764 0.2907120029499007 4.447589522650965 -0.26092166351026835 -3.3374546179729134 26.99992892069305 39.68319019926314 12.357280834384339 40.96404440456618 27.38612408755733 27.35616015486713 18.115612477108545 0.5941062217876155 95.64372604073678 0.5367008500288127 33.30204742047787
48 1777 0.5455719533612052 0 1.1867745066715096 320.7233596840409 16.60341497100262 -6.165656913121384 108.99063951960662 16.99275887288105 151.9388264182416 21.93966396494736 0.3144358397427373 4.745893211223043 -0.272521076989006 -3.716934935408065 26.42664835397089 41.26307201238706 11.538636704527466 42.80190760828601 27.472479535346057 27.38673248701081 18.33067398321478 0.6035847964585078 96.53776824818715 0.5723165105221886 30.055881436693685
49 1814 0.5744117505120878 0 1.1560600830377556 323.8016031901514 16.842438006245903 -5.686025496568031 111.53592716238272 17.132787309986806 155.52126354194078 23.24820004540517 0.26509018136374757 4.802909352838538 -0.29081304858371965 -3.9280095958666803 27.04858960450344 40.85611817426752 11.666092542529597 44.55828578034532 28.612128775371644 27.992860367385983 17.78658341764831 0.6190741840617577 97.6419599224952 0.5803266880793534 30.503602844852995
50 1851 0.5699323424896344 0 1.200015379867061 322.15269460725216 18.16462862377798 -6.18497161730423 113.74990037279477 16.59126536981135 153.17407979681587 22.361709308610077 0.31932885934077804 4.609202225586292 -0.2779082549629833 -3.196879052277632 26.36512806660373 39.63145208757194 11.687980316505893 44.463203502757956 29.429241350725786 27.644383367272518 17.76502629456931 0.5894733335115392 93.55909035062218 0.5171534754192353 30.993619978186555
51 1888 0.5938940000562453 0 1.1604306919257616 322.19024945412167 16.63267700790542 -6.458822792955691 110.38875621982561 15.90994183034358 161.80681810899094 23.614680662323266 0.30153997271209265 4.7748350636536285 -0.28093372300080177 -3.7510803765847784 27.26190593258673 39.96725510044002 11.430587736455559 41.19830682624847 27.305640557158263 28.86877784161761 18.090737855645475 0.660654549284025 95.41929211677297 0.5751207602023676 31.078032940144414
52 1925 0.6198967082864627 0 1.1532124825123802 320.34210052364847 17.769777527982622 -6.371728691146682 110.8551092113072 15.917200051778934 157.20116698402379 21.359943121243578 0.31525786722909765 4.930762839817924 -0.2790665863408036 -3.7559167086764917 26.793740884040176 37.93119652266574 12.338086259174446 41.053081342989195 27.452000762419683 27.77191658451746 17.76545333946059 0.6429100451135212 95.2556764535602 0.5816223472253427 29.782700563161008
53 1962 0.6303101113782195 0 1.1739597409566846 325.31613822793605 17.567211944208854 -5.980724363963503 110.64183781711337 16.956539058760637 156.11845693673936 22.06432106235975 0.3272270167392997 5.570922644453942 -0.2984733540321901 -3.8554786416954556 26.851988123687924 38.352340507297136 9.997540658074099 41.865312880845416 27.84446690023401 27.931287323118706 18.006966812619595 0.6536705141648594 101.80816451388657 0.574140132134191 31.558641279547928
54 1999 0.6429487114925719 0 1.1095857227146488 319.4158501885375 17.257831136510337 -6.3182486028276905 111.16803351755541 16.47141595595701 159.0725100361245 20.443047200250252 0.32067519334511185 5.10117696313971 -0.2762371722595813 -4.054542810195826 25.892610539022844 40.53621666630473 10.772039265324212 42.506692829137826 27.613550103973107 27.520116578077133 17.72524667319527 0.6218874039538687 96.19998514345698 0.6197076656511642 27.405285060871037
55 2036 0.6612334026023089 0 1.1187971551959053 316.78797458748284 16.865499918171636 -5.929292975044566 112.93541835507159 16.747825043890305 160.5674924571619 21.14179925581235 0.2991860039150146 4.928294230148783 -0.24755098123340635 -3.9069585086217367 26.702193760544773 38.73124819157602 11.895972912912628 39.62638302920487 26.749783709471156 27.79742878794182 18.701662817310226 0.6112801722809844 97.89090522601134 0.581691264091828 28.632648562322093
56 2073 0.6769533572268757 0 1.0117546548136271 311.6305532783103 19.184957399613552 -6.568151552792235 118.44702701225135 18.5822425209355 163.0171533492078 19.376802621993924 0.37525749728700036 4.774248518421338 -0.20299328660590404 -4.109395977821199 25.85971612169829 36.60762050632035 11.653461891896772 42.24545259431806 28.347218017681033 28.451791048299505 16.443140746611853 0.6581432966266195 96.06469625065255 0.5262212348589015 23.605930123736165
57 2110 0.7558896506569405 0 1.015522184751727 322.4968425490527 17.551915762636956 -6.889916398382656 116.40298599219422 17.12377155770692 159.49324161354767 20.370166515163454 0.41696134131218127 4.847278181553989 -0.24864170986491338 -3.982948500336633 25.941820706918158 36.18779168269898 10.67072037963952 40.99588176126023 25.947876002475688 27.63485533815402 18.409331676389154 0.7024682163821421 94.97404488987617 0.5836187792573804 21.57731010188582
58 2147 0.780344848694973 0 1.007823030597228 310.5276611593992 16.768039967004654 -7.089704050052626 118.62789069213747 18.343251428705123 166.9472414157048 19.685868091555548 0.3935990860106174 4.188980973197195 -0.1968723890680262 -4.589694682236754 25.066574982174345 34.04616712956985 10.58437723182732 45.01249323547922 28.904841192705923 28.759675165706685 16.08203090888195 0.6809095305118369 95.50397321706957 0.5279351325129029 21.83151439543557
59 2184 0.8192205944219847 0 0.9930817029339235 321.49830979900776 16.106339431146118 -6.572797430102164 116.61837316417137 18.03844821308423 160.6850297000839 20.055722554629984 0.3268759979268087 4.225213374234921 -0.21655499149949192 -4.717130606416687 26.167662596632777 39.45378118786247 11.816108459627443 45.93020823807482 29.523431068143083 27.868201101820507 17.352185594023716 0.6662719778930234 96.56509930887341 0.5645531474109956 22.797122549807607
60 2221 0.8605981510241549 0 0.8472492307296517 327.20127069246377 15.48830892018118 -6.707188838433761 109.10253020981318 17.490953420871094 164.5763702707234 21.882264902102197 0.40300539157993753 4.897236191711673 -0.24282139142668224 -4.542345786813344 25.97573733424962 37.46537896351953 10.701885280718281 41.76443366795905 28.869455697175564 28.112535171046332 18.45498952727342 0.6911926197927436 97.8261610617397 0.5415485779382668 17.879619483035075
61 2258 0.9408089349458544 0 0.8299129550758217 318.5786793824768 16.47185091880348 -6.295317790365428 118.13706906105524 19.898844171576318 167.81010733745597 22.95646686468266 0.3898406918017841 4.741770301782742 -0.26027688139980265 -4.378626463455469 25.9240492017283 41.491623836740125 11.195138586939 47.547279521932765 29.596573698912184 29.907037214675373 16.65734636256061 0.70191407817951 88.70684965230434 0.5473548909367022 14.857876943006382
62 2295 1.0512295395430469 0 0.7531245919282187 345.4184581290638 17.6136241893553 -7.155940468885963 117.93549098017469 16.474129489752737 166.55028460700723 23.072673740499965 0.3817347070280771 5.068414718648141 -0.24769937515557686 -5.455858175562538 25.828533247107 38.51592545481269 9.383020744005261 43.73978523842747 30.220685640137926 28.966697194716996 15.546272479607918 0.6498178424157346 91.43147894233721 0.5575275536910053 11.256945743335132
63 2332 1.109334414971385 0 0.7958140397931484 336.1407861324825 19.0502319916357 -5.983034534433876 111.30786463179751 16.468171239386677 173.05173843403924 22.398004749872484 0.36630006862975995 5.175844975635016 -0.3052078556835236 -4.536175320236391 27.003233067672706 36.92400188612247 10.198206004240767 39.253402777615854 26.438602462776853 29.20808262251605 18.22306879115116 0.6938437571622601 95.12409898180704 0.6450395715646362 17.916360330619636
64 2369 1.1410167624582943 0 0.6901757593021549 336.6196530270017 16.566284682854167 -7.364521397451813 116.03537033389877 17.359018835956377 167.16007156410413 22.017519540297815 0.38290733874550215 4.44816597403248 -0.21710383911775982 -4.557575835971491 26.874574990473324 38.54220752018541 12.15563110643786 42.589736932809004 29.86063020385058 28.682071686928715 17.916897569163936 0.7261223381551799 97.58491446670774 0.5601166612643679 12.956307912914555
65 2406 1.0721190447115025 0 0.7510210047477209 350.9203747407931 19.337913077302005 -6.846193104755134 115.43896937613209 20.502508465011893 169.0958787650508 19.757231708360568 0.32166169870101463 4.901816519078731 -0.18357293472111852 -5.054707585200057 26.555750468989004 34.44352967312011 10.566750057592088 43.1448662219608 25.574536781923907 28.899220243548598 16.630131317012633 0.6193663794575656 91.78572474909527 0.4725207552546203 13.385943356092582
66 2443 1.0573249772860904 0 0.5532218389385283 338.61805425252646 19.466747191398966 -6.452846719484807 114.11584222343839 18.12070861940407 172.57472217055397 19.932324677199656 0.4099541876392801 5.090123873719044 -0.10304750830674914 -4.7702916338580605 26.446959871279198 35.982826526497576 13.53461170239474 43.72141487444919 24.690492686945678 29.670411668959655 14.957168695057682 0.7489440889649661 88.40089068677486 0.45447306075296584 7.244722761973144
67 2480 1.0739769084721804 0 0.4814022475338899 350.68639818428994 17.77345629866274 -6.321159893948569 121.66163217045523 18.749561049196565 171.6293291133528 24.471731789302787 0.39330948741317995 5.677580863765214 -0.17887790235069362 -5.553706953326671 26.590093892336128 38.74332471129384 9.21818124117961 45.585219956254306 26.330051914953412 30.777032461347808 15.034725585140253 0.7781611878125619 98.65926299820666 0.6382836330344256 7.874039468876271
68 2517 1.0590330289636902 0 0.6188921144819358 350.45112603324696 18.75732512607332 -6.705742114423264 124.82049658636339 19.33935526294043 169.90692303273022 22.853881897098752 0.35147257169124757 5.24905293578686 -0.14583443524751705 -5.968299579265621 25.70520294388686 41.409275690893274 7.541715087569645 50.86844182634936 26.562826795369574 29.382925629651186 15.995122902945653 0.6878989961267677 90.71662079463957 0.5332977683221076 8.84096347113571
