% # columns="iteration, evaluation, min max(neg(.)) min(pos(.)) max correlation, correlation matrix principal axes lengths  (sorted square roots of eigenvalues of correlation matrix)", seed=323414, Fri Nov 28 18:42:16 2025
1 38 -0.02505842415622565 -0.007617268793811056 0.006703767840181847 0.024965542806686385 0.9497532630198295 0.9697769274178447 0.9752040887849501 0.9803517124216421 0.981523249861011 0.982625820673411 0.9857796486832279 0.991289433753389 0.9936481128087126 0.9967499825331604 0.9980844657312801 1.0005280670993733 1.003069745394643 1.0055630469807009 1.0096546012050298 1.0121500992895405 1.0139944381313117 1.0157932192457788 1.0240913715230326 1.0285067843599391 1.0309252879260555 1.0456491389195628
2 75 -0.04562721554737408 -0.008379494271061898 0.00989089019027684 0.048345058044390564 0.9497532630198295 0.9697769274178447 0.9752040887849501 0.9803517124216421 0.981523249861011 0.982625820673411 0.9857796486832279 0.991289433753389 0.9936481128087126 0.9967499825331604 0.9980844657312801 1.0005280670993733 1.003069745394643 1.0055630469807009 1.0096546012050298 1.0121500992895405 1.0139944381313117 1.0157932192457788 1.0240913715230326 1.0285067843599391 1.0309252879260555 1.0456491389195628
3 112 -0.05337281236632235 -0.014103909688616828 0.012362091546869798 0.058241287755274984 0.9497532630198295 0.9697769274178447 0.9752040887849501 0.9803517124216421 0.981523249861011 0.982625820673411 0.9857796486832279 0.991289433753389 0.9936481128087126 0.9967499825331604 0.9980844657312801 1.0005280670993733 1.003069745394643 1.0055630469807009 1.0096546012050298 1.0121500992895405 1.0139944381313117 1.0157932192457788 1.0240913715230326 1.0285067843599391 1.0309252879260555 1.0456491389195628
4 149 -0.06957071478113326 -0.01821128640219408 0.01649745103094142 0.07210833363165675 0.9497532630198295 0.9697769274178447 0.9752040887849501 0.9803517124216421 0.981523249861011 0.982625820673411 0.9857796486832279 0.991289433753389 0.9936481128087126 0.9967499825331604 0.9980844657312801 1.0005280670993733 1.003069745394643 1.0055630469807009 1.0096546012050298 1.0121500992895405 1.0139944381313117 1.0157932192457788 1.0240913715230326 1.0285067843599391 1.0309252879260555 1.0456491389195628
5 186 -0.06690973377386072 -0.01921211097218089 0.018144060910762295 0.08379587977788364 0.9497532630198295 0.9697769274178447 0.9752040887849501 0.9803517124216421 0.981523249861011 0.982625820673411 0.9857796486832279 0.991289433753389 0.9936481128087126 0.9967499825331604 0.9980844657312801 1.0005280670993733 1.003069745394643 1.0055630469807009 1.0096546012050298 1.0121500992895405 1.0139944381313117 1.0157932192457788 1.0240913715230326 1.0285067843599391 1.0309252879260555 1.0456491389195628
6 223 -0.08197904377614759 -0.02143913480991657 0.022924434188084784 0.10292735617327682 0.9497532630198295 0.9697769274178447 0.9752040887849501 0.9803517124216421 0.981523249861011 0.982625820673411 0.9857796486832279 0.991289433753389 0.9936481128087126 0.9967499825331604 0.9980844657312801 1.0005280670993733 1.003069745394643 1.0055630469807009 1.0096546012050298 1.0121500992895405 1.0139944381313117 1.0157932192457788 1.0240913715230326 1.0285067843599391 1.0309252879260555 1.0456491389195628
7 260 -0.09149143926439315 -0.02100499985382928 0.025387234661681295 0.10501316194648874 0.9497532630198295 0.9697769274178447 0.9752040887849501 0.9803517124216421 0.981523249861011 0.982625820673411 0.9857796486832279 0.991289433753389 0.9936481128087126 0.9967499825331604 0.9980844657312801 1.0005280670993733 1.003069745394643 1.0055630469807009 1.0096546012050298 1.0121500992895405 1.0139944381313117 1.0157932192457788 1.0240913715230326 1.0285067843599391 1.0309252879260555 1.0456491389195628
8 297 -0.10133481161131846 -0.020231116825101703 0.028108255885860644 0.12084036444158677 0.9497532630198295 0.9697769274178447 0.9752040887849501 0.9803517124216421 0.981523249861011 0.982625820673411 0.9857796486832279 0.991289433753389 0.9936481128087126 0.9967499825331604 0.9980844657312801 1.0005280670993733 1.003069745394643 1.0055630469807009 1.0096546012050298 1.0121500992895405 1.0139944381313117 1.0157932192457788 1.0240913715230326 1.0285067843599391 1.0309252879260555 1.0456491389195628
9 334 -0.0980496518553568 -0.020510183617014646 0.031341335470564995 0.12014805430505908 0.9497532630198295 0.9697769274178447 0.9752040887849501 0.9803517124216421 0.981523249861011 0.982625820673411 0.9857796486832279 0.991289433753389 0.9936481128087126 0.9967499825331604 0.9980844657312801 1.0005280670993733 1.003069745394643 1.0055630469807009 1.0096546012050298 1.0121500992895405 1.0139944381313117 1.0157932192457788 1.0240913715230326 1.0285067843599391 1.0309252879260555 1.0456491389195628
10 371 -0.1003237590864823 -0.01939850267867137 0.03160190050699841 0.12860631928687535 0.9497532630198295 0.9697769274178447 0.9752040887849501 0.9803517124216421 0.981523249861011 0.982625820673411 0.9857796486832279 0.991289433753389 0.9936481128087126 0.9967499825331604 0.9980844657312801 1.0005280670993733 1.003069745394643 1.0055630469807009 1.0096546012050298 1.0121500992895405 1.0139944381313117 1.0157932192457788 1.0240913715230326 1.0285067843599391 1.0309252879260555 1.0456491389195628
11 408 -0.1153610240921151 -0.020168614867344795 0.0314436277312291 0.12282629846113804 0.9497532630198295 0.9697769274178447 0.9752040887849501 0.9803517124216421 0.981523249861011 0.982625820673411 0.9857796486832279 0.991289433753389 0.9936481128087126 0.9967499825331604 0.9980844657312801 1.0005280670993733 1.003069745394643 1.0055630469807009 1.0096546012050298 1.0121500992895405 1.0139944381313117 1.0157932192457788 1.0240913715230326 1.0285067843599391 1.0309252879260555 1.0456491389195628
12 445 -0.10927681341281052 -0.019855725872649662 0.034284734657341304 0.12761489188348743 0.9497532630198295 0.9697769274178447 0.9752040887849501 0.9803517124216421 0.981523249861011 0.982625820673411 0.9857796486832279 0.991289433753389 0.9936481128087126 0.9967499825331604 0.9980844657312801 1.0005280670993733 1.003069745394643 1.0055630469807009 1.0096546012050298 1.0121500992895405 1.0139944381313117 1.0157932192457788 1.0240913715230326 1.0285067843599391 1.0309252879260555 1.0456491389195628
13 482 -0.11969265472669424 -0.025878219949966134 0.034709923607782425 0.13983216994870484 0.9497532630198295 0.9697769274178447 0.9752040887849501 0.9803517124216421 0.981523249861011 0.982625820673411 0.9857796486832279 0.991289433753389 0.9936481128087126 0.9967499825331604 0.9980844657312801 1.0005280670993733 1.003069745394643 1.0055630469807009 1.0096546012050298 1.0121500992895405 1.0139944381313117 1.0157932192457788 1.0240913715230326 1.0285067843599391 1.0309252879260555 1.0456491389195628
14 519 -0.14564439911481497 -0.027140795849907383 0.033169574068301594 0.15604301969062603 0.9497532630198295 0.9697769274178447 0.9752040887849501 0.9803517124216421 0.981523249861011 0.982625820673411 0.9857796486832279 0.991289433753389 0.9936481128087126 0.9967499825331604 0.9980844657312801 1.0005280670993733 1.003069745394643 1.0055630469807009 1.0096546012050298 1.0121500992895405 1.0139944381313117 1.0157932192457788 1.0240913715230326 1.0285067843599391 1.0309252879260555 1.0456491389195628
15 556 -0.148924462281367 -0.02376169102805943 0.03762019684216459 0.18942598414913947 0.9497532630198295 0.9697769274178447 0.9752040887849501 0.9803517124216421 0.981523249861011 0.982625820673411 0.9857796486832279 0.991289433753389 0.9936481128087126 0.9967499825331604 0.9980844657312801 1.0005280670993733 1.003069745394643 1.0055630469807009 1.0096546012050298 1.0121500992895405 1.0139944381313117 1.0157932192457788 1.0240913715230326 1.0285067843599391 1.0309252879260555 1.0456491389195628
16 593 -0.1538845039961259 -0.03125541461931307 0.04337101165310693 0.20069946363084426 0.9497532630198295 0.9697769274178447 0.9752040887849501 0.9803517124216421 0.981523249861011 0.982625820673411 0.9857796486832279 0.991289433753389 0.9936481128087126 0.9967499825331604 0.9980844657312801 1.0005280670993733 1.003069745394643 1.0055630469807009 1.0096546012050298 1.0121500992895405 1.0139944381313117 1.0157932192457788 1.0240913715230326 1.0285067843599391 1.0309252879260555 1.0456491389195628
17 630 -0.17450939572285284 -0.02749898139248392 0.04668665453636303 0.21267771625521367 0.9497532630198295 0.9697769274178447 0.9752040887849501 0.9803517124216421 0.981523249861011 0.982625820673411 0.9857796486832279 0.991289433753389 0.9936481128087126 0.9967499825331604 0.9980844657312801 1.0005280670993733 1.003069745394643 1.0055630469807009 1.0096546012050298 1.0121500992895405 1.0139944381313117 1.0157932192457788 1.0240913715230326 1.0285067843599391 1.0309252879260555 1.0456491389195628
18 667 -0.1764243338936669 -0.029724505619462264 0.04420416552383728 0.21856071248066583 0.9497532630198295 0.9697769274178447 0.9752040887849501 0.9803517124216421 0.981523249861011 0.982625820673411 0.9857796486832279 0.991289433753389 0.9936481128087126 0.9967499825331604 0.9980844657312801 1.0005280670993733 1.003069745394643 1.0055630469807009 1.0096546012050298 1.0121500992895405 1.0139944381313117 1.0157932192457788 1.0240913715230326 1.0285067843599391 1.0309252879260555 1.0456491389195628
19 704 -0.18656804735249266 -0.02864484656505875 0.049283277453262074 0.22553654596091743 0.9497532630198295 0.9697769274178447 0.9752040887849501 0.9803517124216421 0.981523249861011 0.982625820673411 0.9857796486832279 0.991289433753389 0.9936481128087126 0.9967499825331604 0.9980844657312801 1.0005280670993733 1.003069745394643 1.0055630469807009 1.0096546012050298 1.0121500992895405 1.0139944381313117 1.0157932192457788 1.0240913715230326 1.0285067843599391 1.0309252879260555 1.0456491389195628
20 741 -0.18428972420861137 -0.033046751693227384 0.05435234233487572 0.24974889080090087 0.9497532630198295 0.9697769274178447 0.9752040887849501 0.9803517124216421 0.981523249861011 0.982625820673411 0.9857796486832279 0.991289433753389 0.9936481128087126 0.9967499825331604 0.9980844657312801 1.0005280670993733 1.003069745394643 1.0055630469807009 1.0096546012050298 1.0121500992895405 1.0139944381313117 1.0157932192457788 1.0240913715230326 1.0285067843599391 1.0309252879260555 1.0456491389195628
21 778 -0.18503687855809908 -0.031653485903188436 0.05590494447948273 0.2528656425629372 0.9497532630198295 0.9697769274178447 0.9752040887849501 0.9803517124216421 0.981523249861011 0.982625820673411 0.9857796486832279 0.991289433753389 0.9936481128087126 0.9967499825331604 0.9980844657312801 1.0005280670993733 1.003069745394643 1.0055630469807009 1.0096546012050298 1.0121500992895405 1.0139944381313117 1.0157932192457788 1.0240913715230326 1.0285067843599391 1.0309252879260555 1.0456491389195628
22 815 -0.1949408781444477 -0.03600695779429967 0.059548512341405485 0.2730886829213439 0.9497532630198295 0.9697769274178447 0.9752040887849501 0.9803517124216421 0.981523249861011 0.982625820673411 0.9857796486832279 0.991289433753389 0.9936481128087126 0.9967499825331604 0.9980844657312801 1.0005280670993733 1.003069745394643 1.0055630469807009 1.0096546012050298 1.0121500992895405 1.0139944381313117 1.0157932192457788 1.0240913715230326 1.0285067843599391 1.0309252879260555 1.0456491389195628
23 852 -0.20970737131933412 -0.03952558140858299 0.06296298599470605 0.2639652295647746 0.5509413839023448 0.7820359993515118 0.7905515917171653 0.8209065041922918 0.8594814005724536 0.8650544228128215 0.8809638108063017 0.897599538380064 0.9183750841584347 0.9478715298117253 0.9512682125913565 0.9795036376242332 0.9953618644695392 1.0384012316825897 1.067811211017017 1.0834863024722172 1.0967099559339875 1.1311375765327294 1.159382388998112 1.1693783354619354 1.2547726239727646 1.3998229717501185
24 889 -0.218943783040904 -0.038634856309427215 0.06431756062772354 0.2716510269836341 0.5509413839023448 0.7820359993515118 0.7905515917171653 0.8209065041922918 0.8594814005724536 0.8650544228128215 0.8809638108063017 0.897599538380064 0.9183750841584347 0.9478715298117253 0.9512682125913565 0.9795036376242332 0.9953618644695392 1.0384012316825897 1.067811211017017 1.0834863024722172 1.0967099559339875 1.1311375765327294 1.159382388998112 1.1693783354619354 1.2547726239727646 1.3998229717501185
25 926 -0.2324983297003113 -0.04227780656568597 0.06142912278859583 0.2841757035995207 0.5509413839023448 0.7820359993515118 0.7905515917171653 0.8209065041922918 0.8594814005724536 0.8650544228128215 0.8809638108063017 0.897599538380064 0.9183750841584347 0.9478715298117253 0.9512682125913565 0.9795036376242332 0.9953618644695392 1.0384012316825897 1.067811211017017 1.0834863024722172 1.0967099559339875 1.1311375765327294 1.159382388998112 1.1693783354619354 1.2547726239727646 1.3998229717501185
26 963 -0.23535138399124506 -0.04431628185822725 0.06475309055469938 0.30585717944467306 0.5509413839023448 0.7820359993515118 0.7905515917171653 0.8209065041922918 0.8594814005724536 0.8650544228128215 0.8809638108063017 0.897599538380064 0.9183750841584347 0.9478715298117253 0.9512682125913565 0.9795036376242332 0.9953618644695392 1.0384012316825897 1.067811211017017 1.0834863024722172 1.0967099559339875 1.1311375765327294 1.159382388998112 1.1693783354619354 1.2547726239727646 1.3998229717501185
27 1000 -0.23771236099156218 -0.03879686196767479 0.06626917680888511 0.3133864620988131 0.5509413839023448 0.7820359993515118 0.7905515917171653 0.8209065041922918 0.8594814005724536 0.8650544228128215 0.8809638108063017 0.897599538380064 0.9183750841584347 0.9478715298117253 0.9512682125913565 0.9795036376242332 0.9953618644695392 1.0384012316825897 1.067811211017017 1.0834863024722172 1.0967099559339875 1.1311375765327294 1.159382388998112 1.1693783354619354 1.2547726239727646 1.3998229717501185
28 1037 -0.2463005488484357 -0.03862068122375749 0.07156131586566555 0.33351574509018383 0.5509413839023448 0.7820359993515118 0.7905515917171653 0.8209065041922918 0.8594814005724536 0.8650544228128215 0.8809638108063017 0.897599538380064 0.9183750841584347 0.9478715298117253 0.9512682125913565 0.9795036376242332 0.9953618644695392 1.0384012316825897 1.067811211017017 1.0834863024722172 1.0967099559339875 1.1311375765327294 1.159382388998112 1.1693783354619354 1.2547726239727646 1.3998229717501185
29 1074 -0.24836287874552163 -0.041017472783200705 0.07155588849071734 0.3511017541437892 0.5509413839023448 0.7820359993515118 0.7905515917171653 0.8209065041922918 0.8594814005724536 0.8650544228128215 0.8809638108063017 0.897599538380064 0.9183750841584347 0.9478715298117253 0.9512682125913565 0.9795036376242332 0.9953618644695392 1.0384012316825897 1.067811211017017 1.0834863024722172 1.0967099559339875 1.1311375765327294 1.159382388998112 1.1693783354619354 1.2547726239727646 1.3998229717501185
30 1111 -0.2518126458194384 -0.04383715486746966 0.07129251601554469 0.36629950368665865 0.5509413839023448 0.7820359993515118 0.7905515917171653 0.8209065041922918 0.8594814005724536 0.8650544228128215 0.8809638108063017 0.897599538380064 0.9183750841584347 0.9478715298117253 0.9512682125913565 0.9795036376242332 0.9953618644695392 1.0384012316825897 1.067811211017017 1.0834863024722172 1.0967099559339875 1.1311375765327294 1.159382388998112 1.1693783354619354 1.2547726239727646 1.3998229717501185
31 1148 -0.27361511599933547 -0.04303210089795874 0.06587742739740535 0.36702412155738423 0.5509413839023448 0.7820359993515118 0.7905515917171653 0.8209065041922918 0.8594814005724536 0.8650544228128215 0.8809638108063017 0.897599538380064 0.9183750841584347 0.9478715298117253 0.9512682125913565 0.9795036376242332 0.9953618644695392 1.0384012316825897 1.067811211017017 1.0834863024722172 1.0967099559339875 1.1311375765327294 1.159382388998112 1.1693783354619354 1.2547726239727646 1.3998229717501185
32 1185 -0.2804884132467493 -0.04812075998113983 0.06995830345430937 0.38166988019845377 0.5509413839023448 0.7820359993515118 0.7905515917171653 0.8209065041922918 0.8594814005724536 0.8650544228128215 0.8809638108063017 0.897599538380064 0.9183750841584347 0.9478715298117253 0.9512682125913565 0.9795036376242332 0.9953618644695392 1.0384012316825897 1.067811211017017 1.0834863024722172 1.0967099559339875 1.1311375765327294 1.159382388998112 1.1693783354619354 1.2547726239727646 1.3998229717501185
33 1222 -0.2887930950788031 -0.05040646876403451 0.07560199830538286 0.3801349369946672 0.5509413839023448 0.7820359993515118 0.7905515917171653 0.8209065041922918 0.8594814005724536 0.8650544228128215 0.8809638108063017 0.897599538380064 0.9183750841584347 0.9478715298117253 0.9512682125913565 0.9795036376242332 0.9953618644695392 1.0384012316825897 1.067811211017017 1.0834863024722172 1.0967099559339875 1.1311375765327294 1.159382388998112 1.1693783354619354 1.2547726239727646 1.3998229717501185
34 1259 -0.3032456740966011 -0.050617079776893226 0.07424873799367164 0.3854898110209837 0.5509413839023448 0.7820359993515118 0.7905515917171653 0.8209065041922918 0.8594814005724536 0.8650544228128215 0.8809638108063017 0.897599538380064 0.9183750841584347 0.9478715298117253 0.9512682125913565 0.9795036376242332 0.9953618644695392 1.0384012316825897 1.067811211017017 1.0834863024722172 1.0967099559339875 1.1311375765327294 1.159382388998112 1.1693783354619354 1.2547726239727646 1.3998229717501185
35 1296 -0.31005683674665296 -0.05294401087240615 0.07583493505163023 0.38170461676884776 0.5509413839023448 0.7820359993515118 0.7905515917171653 0.8209065041922918 0.8594814005724536 0.8650544228128215 0.8809638108063017 0.897599538380064 0.9183750841584347 0.9478715298117253 0.9512682125913565 0.9795036376242332 0.9953618644695392 1.0384012316825897 1.067811211017017 1.0834863024722172 1.0967099559339875 1.1311375765327294 1.159382388998112 1.1693783354619354 1.2547726239727646 1.3998229717501185
36 1333 -0.32537584502312006 -0.04936099601793961 0.07089073091691563 0.3806365666654065 0.5509413839023448 0.7820359993515118 0.7905515917171653 0.8209065041922918 0.8594814005724536 0.8650544228128215 0.8809638108063017 0.897599538380064 0.9183750841584347 0.9478715298117253 0.9512682125913565 0.9795036376242332 0.9953618644695392 1.0384012316825897 1.067811211017017 1.0834863024722172 1.0967099559339875 1.1311375765327294 1.159382388998112 1.1693783354619354 1.2547726239727646 1.3998229717501185
37 1370 -0.3367330086071633 -0.05187950470628054 0.06776031902482108 0.38691116930383745 0.5509413839023448 0.7820359993515118 0.7905515917171653 0.8209065041922918 0.8594814005724536 0.8650544228128215 0.8809638108063017 0.897599538380064 0.9183750841584347 0.9478715298117253 0.9512682125913565 0.9795036376242332 0.9953618644695392 1.0384012316825897 1.067811211017017 1.0834863024722172 1.0967099559339875 1.1311375765327294 1.159382388998112 1.1693783354619354 1.2547726239727646 1.3998229717501185
