% # columns="iteration, evaluation, sigma, beta, void,  sigvec==sigma_vec.scaling factors from diagonal decoding", seed=323414, Fri Nov 28 18:42:16 2025, <python>{}</python>
1 38 2.24536659693049 1 0 11.064939246621556 1.4455129836178195 0.6321159893948569 4.879038058451518 1.4931609138094224 6.277836309585315 1.7520187933793283 0.05 0.5677580863765214 0.05 0.5553706953326671 1.841073537031557 2.3085650636279764 0.9218181241179609 2.550318994651804 1.8302995349215676 2.0093252517513536 1.3042866459490847 0.05 4.212860760024811 0.05 0.7874039468876272
2 75 2.0434432686406385 1 0 11.064939246621556 1.4455129836178195 0.6321159893948569 4.879038058451518 1.4931609138094224 6.277836309585315 1.7520187933793283 0.05 0.5677580863765214 0.05 0.5553706953326671 1.841073537031557 2.3085650636279764 0.9218181241179609 2.550318994651804 1.8302995349215676 2.0093252517513536 1.3042866459490847 0.05 4.212860760024811 0.05 0.7874039468876272
3 112 1.8160206380373558 1 0 11.064939246621556 1.4455129836178195 0.6321159893948569 4.879038058451518 1.4931609138094224 6.277836309585315 1.7520187933793283 0.05 0.5677580863765214 0.05 0.5553706953326671 1.841073537031557 2.3085650636279764 0.9218181241179609 2.550318994651804 1.8302995349215676 2.0093252517513536 1.3042866459490847 0.05 4.212860760024811 0.05 0.7874039468876272
4 149 1.6486602834957889 1 0 11.064939246621556 1.4455129836178195 0.6321159893948569 4.879038058451518 1.4931609138094224 6.277836309585315 1.7520187933793283 0.05 0.5677580863765214 0.05 0.5553706953326671 1.841073537031557 2.3085650636279764 0.9218181241179609 2.550318994651804 1.8302995349215676 2.0093252517513536 1.3042866459490847 0.05 4.212860760024811 0.05 0.7874039468876272
5 186 1.4269446740840133 1 0 11.064939246621556 1.4455129836178195 0.6321159893948569 4.879038058451518 1.4931609138094224 6.277836309585315 1.7520187933793283 0.05 0.5677580863765214 0.05 0.5553706953326671 1.841073537031557 2.3085650636279764 0.9218181241179609 2.550318994651804 1.8302995349215676 2.0093252517513536 1.3042866459490847 0.05 4.212860760024811 0.05 0.7874039468876272
6 223 1.2815305219640962 1 0 11.064939246621556 1.4455129836178195 0.6321159893948569 4.879038058451518 1.4931609138094224 6.277836309585315 1.7520187933793283 0.05 0.5677580863765214 0.05 0.5553706953326671 1.841073537031557 2.3085650636279764 0.9218181241179609 2.550318994651804 1.8302995349215676 2.0093252517513536 1.3042866459490847 0.05 4.212860760024811 0.05 0.7874039468876272
7 260 1.1892828145344487 1 0 11.064939246621556 1.4455129836178195 0.6321159893948569 4.879038058451518 1.4931609138094224 6.277836309585315 1.7520187933793283 0.05 0.5677580863765214 0.05 0.5553706953326671 1.841073537031557 2.3085650636279764 0.9218181241179609 2.550318994651804 1.8302995349215676 2.0093252517513536 1.3042866459490847 0.05 4.212860760024811 0.05 0.7874039468876272
8 297 1.079045851945346 1 0 11.064939246621556 1.4455129836178195 0.6321159893948569 4.879038058451518 1.4931609138094224 6.277836309585315 1.7520187933793283 0.05 0.5677580863765214 0.05 0.5553706953326671 1.841073537031557 2.3085650636279764 0.9218181241179609 2.550318994651804 1.8302995349215676 2.0093252517513536 1.3042866459490847 0.05 4.212860760024811 0.05 0.7874039468876272
9 334 0.9975166658932956 1 0 11.064939246621556 1.4455129836178195 0.6321159893948569 4.879038058451518 1.4931609138094224 6.277836309585315 1.7520187933793283 0.05 0.5677580863765214 0.05 0.5553706953326671 1.841073537031557 2.3085650636279764 0.9218181241179609 2.550318994651804 1.8302995349215676 2.0093252517513536 1.3042866459490847 0.05 4.212860760024811 0.05 0.7874039468876272
10 371 0.9655569108726288 1 0 11.064939246621556 1.4455129836178195 0.6321159893948569 4.879038058451518 1.4931609138094224 6.277836309585315 1.7520187933793283 0.05 0.5677580863765214 0.05 0.5553706953326671 1.841073537031557 2.3085650636279764 0.9218181241179609 2.550318994651804 1.8302995349215676 2.0093252517513536 1.3042866459490847 0.05 4.212860760024811 0.05 0.7874039468876272
11 408 0.9051260036421086 1 0 11.064939246621556 1.4455129836178195 0.6321159893948569 4.879038058451518 1.4931609138094224 6.277836309585315 1.7520187933793283 0.05 0.5677580863765214 0.05 0.5553706953326671 1.841073537031557 2.3085650636279764 0.9218181241179609 2.550318994651804 1.8302995349215676 2.0093252517513536 1.3042866459490847 0.05 4.212860760024811 0.05 0.7874039468876272
12 445 0.8303853443137302 1 0 11.064939246621556 1.4455129836178195 0.6321159893948569 4.879038058451518 1.4931609138094224 6.277836309585315 1.7520187933793283 0.05 0.5677580863765214 0.05 0.5553706953326671 1.841073537031557 2.3085650636279764 0.9218181241179609 2.550318994651804 1.8302995349215676 2.0093252517513536 1.3042866459490847 0.05 4.212860760024811 0.05 0.7874039468876272
13 482 0.7761963284687703 1 0 11.064939246621556 1.4455129836178195 0.6321159893948569 4.879038058451518 1.4931609138094224 6.277836309585315 1.7520187933793283 0.05 0.5677580863765214 0.05 0.5553706953326671 1.841073537031557 2.3085650636279764 0.9218181241179609 2.550318994651804 1.8302995349215676 2.0093252517513536 1.3042866459490847 0.05 4.212860760024811 0.05 0.7874039468876272
14 519 0.724354922005727 1 0 11.064939246621556 1.4455129836178195 0.6321159893948569 4.879038058451518 1.4931609138094224 6.277836309585315 1.7520187933793283 0.05 0.5677580863765214 0.05 0.5553706953326671 1.841073537031557 2.3085650636279764 0.9218181241179609 2.550318994651804 1.8302995349215676 2.0093252517513536 1.3042866459490847 0.05 4.212860760024811 0.05 0.7874039468876272
15 556 0.7044698169201297 1 0 11.064939246621556 1.4455129836178195 0.6321159893948569 4.879038058451518 1.4931609138094224 6.277836309585315 1.7520187933793283 0.05 0.5677580863765214 0.05 0.5553706953326671 1.841073537031557 2.3085650636279764 0.9218181241179609 2.550318994651804 1.8302995349215676 2.0093252517513536 1.3042866459490847 0.05 4.212860760024811 0.05 0.7874039468876272
16 593 0.6775698665305439 1 0 11.064939246621556 1.4455129836178195 0.6321159893948569 4.879038058451518 1.4931609138094224 6.277836309585315 1.7520187933793283 0.05 0.5677580863765214 0.05 0.5553706953326671 1.841073537031557 2.3085650636279764 0.9218181241179609 2.550318994651804 1.8302995349215676 2.0093252517513536 1.3042866459490847 0.05 4.212860760024811 0.05 0.7874039468876272
17 630 0.6621700177008532 1 0 11.064939246621556 1.4455129836178195 0.6321159893948569 4.879038058451518 1.4931609138094224 6.277836309585315 1.7520187933793283 0.05 0.5677580863765214 0.05 0.5553706953326671 1.841073537031557 2.3085650636279764 0.9218181241179609 2.550318994651804 1.8302995349215676 2.0093252517513536 1.3042866459490847 0.05 4.212860760024811 0.05 0.7874039468876272
18 667 0.6576385923173514 1 0 11.064939246621556 1.4455129836178195 0.6321159893948569 4.879038058451518 1.4931609138094224 6.277836309585315 1.7520187933793283 0.05 0.5677580863765214 0.05 0.5553706953326671 1.841073537031557 2.3085650636279764 0.9218181241179609 2.550318994651804 1.8302995349215676 2.0093252517513536 1.3042866459490847 0.05 4.212860760024811 0.05 0.7874039468876272
19 704 0.6556733616522771 1 0 11.064939246621556 1.4455129836178195 0.6321159893948569 4.879038058451518 1.4931609138094224 6.277836309585315 1.7520187933793283 0.05 0.5677580863765214 0.05 0.5553706953326671 1.841073537031557 2.3085650636279764 0.9218181241179609 2.550318994651804 1.8302995349215676 2.0093252517513536 1.3042866459490847 0.05 4.212860760024811 0.05 0.7874039468876272
20 741 0.6728409698379575 1 0 11.064939246621556 1.4455129836178195 0.6321159893948569 4.879038058451518 1.4931609138094224 6.277836309585315 1.7520187933793283 0.05 0.5677580863765214 0.05 0.5553706953326671 1.841073537031557 2.3085650636279764 0.9218181241179609 2.550318994651804 1.8302995349215676 2.0093252517513536 1.3042866459490847 0.05 4.212860760024811 0.05 0.7874039468876272
21 778 0.6384129105758249 1 0 11.064939246621556 1.4455129836178195 0.6321159893948569 4.879038058451518 1.4931609138094224 6.277836309585315 1.7520187933793283 0.05 0.5677580863765214 0.05 0.5553706953326671 1.841073537031557 2.3085650636279764 0.9218181241179609 2.550318994651804 1.8302995349215676 2.0093252517513536 1.3042866459490847 0.05 4.212860760024811 0.05 0.7874039468876272
22 815 0.5990778479467447 1 0 11.064939246621556 1.4455129836178195 0.6321159893948569 4.879038058451518 1.4931609138094224 6.277836309585315 1.7520187933793283 0.05 0.5677580863765214 0.05 0.5553706953326671 1.841073537031557 2.3085650636279764 0.9218181241179609 2.550318994651804 1.8302995349215676 2.0093252517513536 1.3042866459490847 0.05 4.212860760024811 0.05 0.7874039468876272
23 852 0.5679653839880646 1 0 11.064939246621556 1.4455129836178195 0.6321159893948569 4.879038058451518 1.4931609138094224 6.277836309585315 1.7520187933793283 0.05 0.5677580863765214 0.05 0.5553706953326671 1.841073537031557 2.3085650636279764 0.9218181241179609 2.550318994651804 1.8302995349215676 2.0093252517513536 1.3042866459490847 0.05 4.212860760024811 0.05 0.7874039468876272
24 889 0.5427876638753347 1 0 11.064939246621556 1.4455129836178195 0.6321159893948569 4.879038058451518 1.4931609138094224 6.277836309585315 1.7520187933793283 0.05 0.5677580863765214 0.05 0.5553706953326671 1.841073537031557 2.3085650636279764 0.9218181241179609 2.550318994651804 1.8302995349215676 2.0093252517513536 1.3042866459490847 0.05 4.212860760024811 0.05 0.7874039468876272
25 926 0.5172390062068016 1 0 11.064939246621556 1.4455129836178195 0.6321159893948569 4.879038058451518 1.4931609138094224 6.277836309585315 1.7520187933793283 0.05 0.5677580863765214 0.05 0.5553706953326671 1.841073537031557 2.3085650636279764 0.9218181241179609 2.550318994651804 1.8302995349215676 2.0093252517513536 1.3042866459490847 0.05 4.212860760024811 0.05 0.7874039468876272
26 963 0.4854293533616248 1 0 11.064939246621556 1.4455129836178195 0.6321159893948569 4.879038058451518 1.4931609138094224 6.277836309585315 1.7520187933793283 0.05 0.5677580863765214 0.05 0.5553706953326671 1.841073537031557 2.3085650636279764 0.9218181241179609 2.550318994651804 1.8302995349215676 2.0093252517513536 1.3042866459490847 0.05 4.212860760024811 0.05 0.7874039468876272
27 1000 0.44525555891880786 1 0 11.064939246621556 1.4455129836178195 0.6321159893948569 4.879038058451518 1.4931609138094224 6.277836309585315 1.7520187933793283 0.05 0.5677580863765214 0.05 0.5553706953326671 1.841073537031557 2.3085650636279764 0.9218181241179609 2.550318994651804 1.8302995349215676 2.0093252517513536 1.3042866459490847 0.05 4.212860760024811 0.05 0.7874039468876272
28 1037 0.43144076292112155 1 0 11.064939246621556 1.4455129836178195 0.6321159893948569 4.879038058451518 1.4931609138094224 6.277836309585315 1.7520187933793283 0.05 0.5677580863765214 0.05 0.5553706953326671 1.841073537031557 2.3085650636279764 0.9218181241179609 2.550318994651804 1.8302995349215676 2.0093252517513536 1.3042866459490847 0.05 4.212860760024811 0.05 0.7874039468876272
29 1074 0.42773470741283887 1 0 11.064939246621556 1.4455129836178195 0.6321159893948569 4.879038058451518 1.4931609138094224 6.277836309585315 1.7520187933793283 0.05 0.5677580863765214 0.05 0.5553706953326671 1.841073537031557 2.3085650636279764 0.9218181241179609 2.550318994651804 1.8302995349215676 2.0093252517513536 1.3042866459490847 0.05 4.212860760024811 0.05 0.7874039468876272
30 1111 0.4002333983284688 1 0 11.064939246621556 1.4455129836178195 0.6321159893948569 4.879038058451518 1.4931609138094224 6.277836309585315 1.7520187933793283 0.05 0.5677580863765214 0.05 0.5553706953326671 1.841073537031557 2.3085650636279764 0.9218181241179609 2.550318994651804 1.8302995349215676 2.0093252517513536 1.3042866459490847 0.05 4.212860760024811 0.05 0.7874039468876272
31 1148 0.3914267312687964 1 0 11.064939246621556 1.4455129836178195 0.6321159893948569 4.879038058451518 1.4931609138094224 6.277836309585315 1.7520187933793283 0.05 0.5677580863765214 0.05 0.5553706953326671 1.841073537031557 2.3085650636279764 0.9218181241179609 2.550318994651804 1.8302995349215676 2.0093252517513536 1.3042866459490847 0.05 4.212860760024811 0.05 0.7874039468876272
32 1185 0.40364066247376207 1 0 11.064939246621556 1.4455129836178195 0.6321159893948569 4.879038058451518 1.4931609138094224 6.277836309585315 1.7520187933793283 0.05 0.5677580863765214 0.05 0.5553706953326671 1.841073537031557 2.3085650636279764 0.9218181241179609 2.550318994651804 1.8302995349215676 2.0093252517513536 1.3042866459490847 0.05 4.212860760024811 0.05 0.7874039468876272
33 1222 0.397318972779746 1 0 11.064939246621556 1.4455129836178195 0.6321159893948569 4.879038058451518 1.4931609138094224 6.277836309585315 1.7520187933793283 0.05 0.5677580863765214 0.05 0.5553706953326671 1.841073537031557 2.3085650636279764 0.9218181241179609 2.550318994651804 1.8302995349215676 2.0093252517513536 1.3042866459490847 0.05 4.212860760024811 0.05 0.7874039468876272
34 1259 0.39588998612245996 1 0 11.064939246621556 1.4455129836178195 0.6321159893948569 4.879038058451518 1.4931609138094224 6.277836309585315 1.7520187933793283 0.05 0.5677580863765214 0.05 0.5553706953326671 1.841073537031557 2.3085650636279764 0.9218181241179609 2.550318994651804 1.8302995349215676 2.0093252517513536 1.3042866459490847 0.05 4.212860760024811 0.05 0.7874039468876272
35 1296 0.3930585548623042 1 0 11.064939246621556 1.4455129836178195 0.6321159893948569 4.879038058451518 1.4931609138094224 6.277836309585315 1.7520187933793283 0.05 0.5677580863765214 0.05 0.5553706953326671 1.841073537031557 2.3085650636279764 0.9218181241179609 2.550318994651804 1.8302995349215676 2.0093252517513536 1.3042866459490847 0.05 4.212860760024811 0.05 0.7874039468876272
36 1333 0.4073222805127851 1 0 11.064939246621556 1.4455129836178195 0.6321159893948569 4.879038058451518 1.4931609138094224 6.277836309585315 1.7520187933793283 0.05 0.5677580863765214 0.05 0.5553706953326671 1.841073537031557 2.3085650636279764 0.9218181241179609 2.550318994651804 1.8302995349215676 2.0093252517513536 1.3042866459490847 0.05 4.212860760024811 0.05 0.7874039468876272
37 1370 0.4198710876161107 1 0 11.064939246621556 1.4455129836178195 0.6321159893948569 4.879038058451518 1.4931609138094224 6.277836309585315 1.7520187933793283 0.05 0.5677580863765214 0.05 0.5553706953326671 1.841073537031557 2.3085650636279764 0.9218181241179609 2.550318994651804 1.8302995349215676 2.0093252517513536 1.3042866459490847 0.05 4.212860760024811 0.05 0.7874039468876272
