% # columns="iteration, evaluation, sigma, void, void,  stds==sigma*sigma_vec.scaling*sqrt(diag(C))", seed=323414, Fri Nov 28 18:42:16 2025, <python>{}</python>
1 38 2.24536659693049 0 0 24.796210805450865 3.2269121395276223 1.416162515820851 10.90836595797586 3.303390634765443 14.30190152507393 3.896212109001678 0.11244266801844174 1.2815059914861258 0.11150487400135288 1.238704523926273 4.0993428886025 5.0989690800337595 2.0449081137271476 5.7240353214901285 4.131658475184782 4.51192404206182 2.890871602487636 0.11201490921949468 9.39457652929792 0.11194749955952106 1.75553298304188
2 75 2.0434432686406385 0 0 22.472441671883782 2.9472363284819094 1.2848409560717002 9.858866588131662 3.0041508027777346 12.87112463387364 3.5259988799564694 0.10361403015333441 1.1615757351625824 0.10113454585453337 1.1226883390905222 3.637709931008791 4.6052837110863365 1.8907087492202896 5.212718231309829 3.7844210474808206 4.022925005586819 2.5954466545088946 0.10197993857234122 8.485645410306496 0.10149350377455044 1.5904294772036949
3 112 1.8160206380373558 0 0 19.912165310154286 2.6490292190973235 1.14363452395231 8.739881027831618 2.656287443071152 11.578282812821167 3.1366861264619157 0.0922639355831779 1.0257017436099287 0.08956513595295867 0.9812511321882154 3.2024438732951293 4.075226195955234 1.6693425915776312 4.614563281315388 3.3751317535941765 3.515197916437519 2.299009482539082 0.08996136078426079 7.44024323586767 0.090170726394561 1.4174753704036294
4 149 1.6486602834957889 0 0 17.953498735716725 2.409453708073943 1.0423063624387519 7.906739031209292 2.400519470125673 10.375087427070227 2.8396544658251717 0.0844232823177354 0.9317885453942532 0.08067013145934564 0.8963878405645322 2.8835045248578592 3.662720057446011 1.50662859767801 4.179390490124813 3.0623911340630947 3.1288974947639945 2.0649213013962533 0.08051719707757869 6.779522987026024 0.08213498828776702 1.2748013023084597
5 186 1.4269446740840133 0 0 15.536166364545727 2.0748818546886953 0.8962217726114302 6.911845349060581 2.021476248512703 8.890803074740692 2.4826789368923023 0.07210640289934642 0.8083918701809769 0.0698032744799028 0.7804584697363222 2.462435108853747 3.144632358528597 1.2938592803576763 3.6214205097431758 2.648943870717412 2.665128435907196 1.7790571387731815 0.06860077976910076 5.851918935413034 0.07004460099091085 1.1124624591684562
6 223 1.2815305219640962 0 0 13.657481660613113 1.8717949685057664 0.805710000452715 6.170566433653957 1.8083842449361538 7.8936023246309075 2.2549682473505697 0.06409584440497315 0.7178583838599403 0.06388546796141378 0.7001264536321552 2.1532757155656688 2.808900959200374 1.153061900901243 3.254073654984804 2.333701257592932 2.3791315497225227 1.6044584743971864 0.061476357883737176 5.164972775768353 0.06260346077809743 0.9985886059699483
7 260 1.1892828145344487 0 0 12.575968076137443 1.7282584929374045 0.7407481063091013 5.680731259972186 1.6864783491041209 7.339928373844997 2.09481906384913 0.059268345427527014 0.6584089878360467 0.058884850584758126 0.6330735367350546 1.9602211050324778 2.622960335656897 1.0556510540885735 3.0464913656260886 2.1511558799165695 2.1841129069407397 1.4849254489186776 0.0563717867405517 4.80220708004088 0.057562474678845066 0.9248650910569182
8 297 1.079045851945346 0 0 11.310822590109266 1.5467324379265703 0.6711672478730046 5.161231510453407 1.5369020019242847 6.63467006790108 1.8805855323654723 0.054136131007389385 0.596417025196144 0.05371184778013631 0.5747702233287978 1.7638161440460955 2.364799743474866 0.9463904822621273 2.7432610305367526 1.9774338825178206 1.9726882789034499 1.3364107898499062 0.05091884649385981 4.333838050001583 0.051171080085156535 0.8318956958452717
9 334 0.9975166658932956 0 0 10.528305513490375 1.429218358332735 0.6130496870623628 4.804432829978549 1.4078628163867122 6.088969655362991 1.745000452759786 0.04953086716368367 0.5544826811580779 0.050077681575933494 0.5305394217645641 1.5764922997285262 2.180497696164042 0.8629937251241271 2.5390066797982027 1.8116295231063204 1.8053266398281773 1.2362034420896113 0.04720223298937309 4.020198805313255 0.047182953030634266 0.7737990226246863
10 371 0.9655569108726288 0 0 10.140996225967376 1.3883165982955947 0.5972315367272577 4.631815231979317 1.3677503634750334 5.824782318480753 1.6674355517438602 0.04823554259852224 0.5463258195066787 0.04870800556447154 0.5134565275319773 1.5113446376683877 2.134504597188692 0.8407490329457196 2.465474219502643 1.7389963353976776 1.695741723092596 1.1969450082059694 0.04614015283796305 3.935597021388807 0.045455324367932835 0.7450728448055309
11 408 0.9051260036421086 0 0 9.441449732857604 1.2947198469916361 0.5533631973284554 4.416837131177852 1.2898302954506935 5.4111377337137325 1.549073556271349 0.04463262755098909 0.5160391109411179 0.045560600694497425 0.4860751087201221 1.4067030703446468 2.0062295306363715 0.7887364251935728 2.2977541184946717 1.625263504077949 1.5768478305819584 1.1026713057241952 0.04354751636114006 3.6980267219022465 0.04271969321479826 0.6940337841356707
12 445 0.8303853443137302 0 0 8.680582300635395 1.173973663537481 0.505460967501074 4.027710852025279 1.1955247406825293 4.921457153669943 1.4118771709830036 0.0410084030755258 0.4790500559705113 0.04199529946949772 0.44835266360504744 1.2785682085227963 1.8097171618192052 0.7171300782117098 2.1218733902128686 1.4867887565943454 1.407756714827257 0.995107484223097 0.03982036668978462 3.4939586235173032 0.03880642474669301 0.6318862785356437
13 482 0.7761963284687703 0 0 8.159817264618798 1.099455484607129 0.47361864668821196 3.781540759998499 1.1268836813515748 4.569780007790928 1.3241318182533337 0.037935988251932166 0.4456838060483943 0.03911217736342124 0.4204499422892238 1.1797504103670708 1.6797146328571337 0.6612611721709184 1.9828671643680331 1.3788420355500002 1.2994215415782633 0.9353420661465707 0.03690092340295297 3.3055677615325325 0.036438551356636865 0.5862976985998094
14 519 0.724354922005727 0 0 7.770159523307205 1.0150212969863766 0.43517221227173114 3.5405892879364123 1.0283383037686613 4.254537299526726 1.2456312845597892 0.03522130557667741 0.4142837602519319 0.03648199598802659 0.3898944682179223 1.0856019812062958 1.5630665945441922 0.6132237226954211 1.8468379410147326 1.2933169697046998 1.2035628708450168 0.8672760180234446 0.034388743457058966 3.102170408952567 0.03421020608408847 0.5514105183834778
15 556 0.7044698169201297 0 0 7.576764832548771 0.980495814807481 0.4244048508974168 3.425487882899188 0.99694132668473 4.1494671371860266 1.2238172114197146 0.0339883408679243 0.40265021379366295 0.03505896934785643 0.3790053061601858 1.0397267516497313 1.5108742470446297 0.5932888076148554 1.7872881165279217 1.2521481710264857 1.157791362510822 0.842048740126321 0.03344173144469252 3.002425390756037 0.03313852037390184 0.5308721729424364
16 593 0.6775698665305439 0 0 7.322400157519342 0.9459095139506906 0.4031380531501162 3.2943125266765554 0.9577603553787546 3.97221022349294 1.1736518479953297 0.032289475034694204 0.3842647566412136 0.03341483236035421 0.3651014871936991 0.9960401663463989 1.4338856570501815 0.5679193829953394 1.7250163222112838 1.212572293584912 1.1101493075366102 0.8026300385085606 0.03256154577398429 2.8804002823622303 0.03180233301824566 0.5077163743872973
17 630 0.6621700177008532 0 0 7.272180688304585 0.9180116180416031 0.3983507147320204 3.221976078161844 0.9249836884172162 3.8357281434458885 1.147222126585382 0.031202339590281833 0.3780329969730577 0.03184982275464684 0.35354904258176567 0.9724408529779521 1.4152912238649333 0.551477936173203 1.6994579385954705 1.1850942096844275 1.0660469644357864 0.7811304413281797 0.03174589302960881 2.8394177848457995 0.031171256254192373 0.4927884465679949
18 667 0.6576385923173514 0 0 7.249465736553475 0.9063892412126262 0.39359802528380516 3.2266022466333144 0.9101062067446642 3.795724287787846 1.16575104948915 0.030967372926329246 0.3720677640745931 0.03193896037003604 0.3517815115306181 0.9550445770557572 1.3955298562511584 0.5479094518719148 1.6820241311636428 1.1752004133263207 1.0372530265549353 0.7618108705907088 0.0314900620571492 2.8529466783656194 0.030708767741739956 0.4879591731556618
19 704 0.6556733616522771 0 0 7.253489813491547 0.8997303642163246 0.3932531129308396 3.2607460571038476 0.9036424317915502 3.795492573150772 1.1561576830119933 0.030756457750184336 0.3685631177709334 0.03161784513342212 0.3518019838675925 0.9397551031644462 1.3785094147979984 0.5475151252020253 1.6835851722175623 1.1569377616068413 1.0257270927072493 0.7586546105710698 0.031383036183057336 2.8509969267309616 0.030647872819244644 0.4854790187572168
20 741 0.6728409698379575 0 0 7.426378250932136 0.9389714692672905 0.40397503418716824 3.357691781708097 0.9210402130095756 3.8487078170312055 1.176724291280992 0.03166536147220349 0.3767262852000126 0.03300964173762548 0.3640997302899114 0.9472894916110955 1.4196182437247393 0.5602847717039672 1.7152171143984385 1.2019914695125982 1.0491596577557867 0.7802917516330701 0.03232775764139309 2.9303867789654476 0.031414900954187225 0.4987952972722172
21 778 0.6384129105758249 0 0 7.072239197461695 0.8796701834889484 0.3803482453638374 3.2411947541476267 0.871175645996726 3.6273866677238775 1.132842242233083 0.03008869869717961 0.3596111661113346 0.03140801637244641 0.34869122949652337 0.8865480847429831 1.3441620018253784 0.52594102201782 1.6194833042390975 1.1264841654000457 0.9831782499046621 0.7431270233359152 0.030688183148108377 2.766888598720529 0.03025091165984123 0.47083645353170633
22 815 0.5990778479467447 0 0 6.603971778233517 0.8332127933872343 0.353557613022312 3.074392791437401 0.8201466400040569 3.358926076022043 1.0558212004422878 0.02841918919569659 0.33541699881558007 0.029429988755266517 0.32689703460813097 0.8205182204759291 1.2588698126327207 0.49184434571775876 1.5292932299656423 1.06091476961939 0.9154818643239369 0.7003752308362581 0.028515449149250534 2.6364722195652073 0.02828218240341252 0.43724287753576163
23 852 0.5679653839880646 0 0 6.266801049923298 0.7889464905971862 0.3373290366888955 2.9516494018461765 0.7913011887271607 3.13335699556817 0.9899457173492899 0.02672612524453785 0.31766402717646036 0.027676169067375023 0.3086536204679797 0.7708578578673663 1.1796901846883812 0.462776023631501 1.4479035980078776 0.9997695014315093 0.8578013585530074 0.663643687770255 0.02704393261328485 2.535521913413146 0.02672837577847972 0.415446673717637
24 889 0.5427876638753347 0 0 6.048845884304888 0.7539726264964801 0.3197914378300948 2.805022249175339 0.7661582387998328 2.987260022311084 0.9487316050462862 0.025517972348633285 0.30461994763913547 0.026638261305314912 0.2961832206974016 0.7196685015619841 1.1109072145836696 0.4473845124853127 1.374037530953506 0.9616979785384522 0.8149672391646443 0.6263590415600836 0.02578978979695018 2.4266269897221315 0.025224593063749873 0.4001487410420698
25 926 0.5172390062068016 0 0 5.802661841650323 0.7110397656916496 0.3030732447269014 2.671832823387456 0.7392702640879578 2.8121822070495237 0.8958390038023997 0.02439156523301918 0.2895845020926168 0.025506965680928362 0.28269520930724046 0.6860653815406181 1.0625428632456029 0.42434318865926296 1.3148110962592925 0.9105981539122541 0.766781023732599 0.5860589790278468 0.024331981905906453 2.327525832172118 0.023943411111196196 0.3820613445180707
26 963 0.4854293533616248 0 0 5.489134922938926 0.6652545965807646 0.2805692815245421 2.523604846455526 0.7011486113412062 2.6090923623073987 0.8353939215461164 0.023149389605026285 0.276150750789357 0.024103734912048584 0.26157046972776077 0.6342504257309651 0.9916992057815697 0.4006049298266745 1.2424996453078458 0.8546799067641342 0.7186821710560491 0.5363921746951416 0.022887576720164875 2.181303471474178 0.022524691334570187 0.3586230334053021
27 1000 0.44525555891880786 0 0 4.999354300352878 0.6019587599379498 0.2574344589284037 2.310852898018959 0.6387261068145499 2.4025403348322327 0.7689908987848871 0.021212396934886375 0.2525956414862163 0.022362253104383105 0.24181849360133068 0.5754273199016964 0.8980970870187424 0.3696356665800116 1.1213258975131686 0.7863363275066553 0.6477122015363909 0.49169166411807036 0.021331023418202394 2.039349491506495 0.020636923523579622 0.32722346704501076
28 1037 0.43144076292112155 0 0 4.8401829951753195 0.578053702099192 0.25036276064887775 2.225496350441005 0.616261597026321 2.3075432419197712 0.7305303719350028 0.020467699787576014 0.24353740349443984 0.022050187925311795 0.23562972640418045 0.5524570192274924 0.8663069454409942 0.3593883775488286 1.0679865305498781 0.7604966801547243 0.6179337348285064 0.46905067619940566 0.02047719652064688 1.982638274233725 0.01982039262517638 0.32130282556315
29 1074 0.42773470741283887 0 0 4.8147990305535044 0.5685811115131055 0.247338392454896 2.168794439457967 0.6015320759405393 2.278270314073317 0.7281547966464071 0.020304900966014738 0.24150244848793756 0.022050193478004618 0.2316895225273448 0.5418789620413973 0.8623024389079889 0.35844856988272233 1.0483562491888188 0.7502140844378912 0.6036338007212632 0.46515025607027843 0.020330017763800785 1.9699611226220013 0.019517019889222734 0.3198730125136847
30 1111 0.4002333983284688 0 0 4.4617731009308095 0.531861875516088 0.2303709041166403 2.0203544875483543 0.566168710496711 2.1709355678695856 0.6843353781149333 0.019073593896870824 0.22670209301666058 0.020615192612249308 0.2151224537440909 0.4969057727387868 0.805413940280966 0.33592974038602197 0.9779723227437993 0.702899680506855 0.5578037936597436 0.43471966583077304 0.01923967743529865 1.8376042739912581 0.018259724867924442 0.29834250068399176
31 1148 0.3914267312687964 0 0 4.381445058032294 0.5240762126151078 0.2256264571846939 1.982028719588543 0.5504517137396411 2.1319504082789345 0.6711435715874902 0.01864879705668902 0.2204603800835026 0.020150977246802575 0.212392419414383 0.478785500830592 0.7888985189332012 0.32222795117588693 0.968083438995437 0.6782281737099792 0.5466686083811731 0.4276811822091726 0.01898702108800295 1.7717001325622936 0.01771222365366985 0.2898854035119311
32 1185 0.40364066247376207 0 0 4.552800515439537 0.5305848203912747 0.2294312010108815 2.0661664209119883 0.5707046453248716 2.2285514447546904 0.6883450757620656 0.01920416295732372 0.22306728427435873 0.02103831114289155 0.2202646313926519 0.4883430829854947 0.8206318782549356 0.33088516052748507 0.9994128453212061 0.6966645103313934 0.5542126089017052 0.43991085519892287 0.019488513465866015 1.824487340403909 0.018253088929086975 0.2971364211230292
33 1222 0.397318972779746 0 0 4.490765047434768 0.5185750961239274 0.22263647751255777 2.027366643656118 0.5676204727321965 2.2446001002146074 0.6821990249181905 0.01890182466621473 0.2187908960617651 0.02100264097765522 0.21380005217101505 0.4716194595271098 0.8177060798320729 0.3242029813656454 0.9832908601990794 0.6757240312121175 0.5402596820847531 0.431364246079743 0.01929825234610571 1.7833900524206399 0.018018284364420493 0.29327410820151173
34 1259 0.39588998612245996 0 0 4.511786409797377 0.5151438601957979 0.22505348124639168 2.0166647265572446 0.5634773482210008 2.2431254092237642 0.6764084832011068 0.01899355547683391 0.21946394977824976 0.020667973458824276 0.2128027173507542 0.46516952479898904 0.8120266150550441 0.32418901033147013 0.9915250084198167 0.6741062472421179 0.534154873792455 0.4247542818812407 0.01931141245716771 1.763589222837903 0.01776190176529973 0.2936797052577842
35 1296 0.3930585548623042 0 0 4.49460011640649 0.5130011339111269 0.22084027229984896 2.01088421041524 0.5625395857253339 2.234666846634008 0.6689134557445195 0.018588726362282603 0.21666726061762803 0.020731646142357514 0.21142230915840735 0.455012284843333 0.7959855603718694 0.32241350732040464 0.971290225877957 0.6696463466096444 0.5300773144652738 0.4208434655289172 0.01967283476578114 1.74723235032268 0.01778197658819518 0.2874977502634417
36 1333 0.4073222805127851 0 0 4.6022077830231165 0.5335028811504747 0.22578600078138783 2.081307462363205 0.578576625139191 2.344152396992236 0.6926982354459612 0.018933638067339324 0.22175761062324736 0.02191331641620335 0.2168926239858282 0.4662745454979227 0.82475742650797 0.33372698715784815 1.028634576524791 0.6951363516846882 0.5462399970742533 0.4352881165576868 0.02029819587213911 1.8093933015336026 0.018431694728368662 0.3034044282142233
37 1370 0.4198710876161107 0 0 4.741634719934411 0.5501951157890803 0.2354305745772705 2.136798960941403 0.5983500218207761 2.4774388044822304 0.7117598549140978 0.01941979375601204 0.23018893079013164 0.022798438538471955 0.223684608986626 0.47429844284308575 0.8408016921370466 0.3466044668993055 1.0429980518453972 0.7197951242406269 0.5660122533087376 0.4481532826544235 0.02110613387945129 1.868303432635715 0.019003465215448125 0.31026255435814715
