% # columns="iteration, evaluation, void, void, void, xmean", seed=323414, Fri Nov 28 18:42:16 2025, <python>{}</python> # scaling_of_variables: 1, typical_x: 0
1 38 0 0 0 352.0475689540042 18.310465468269996 -6.98370909479767 120.73807605983293 18.08650475722498 165.9226120357955 24.484646643186412 0.3727180382629408 5.465806111846477 -0.17973697014749934 -5.66867651833459 27.305544602312466 38.17407099099635 9.811335049310449 48.129986783049766 25.002510786774444 30.625901590653875 15.272272881118516 0.720061958934107 94.33662309048916 0.6681250760713218 7.923597501200307
2 75 0 0 0 346.3664969022859 17.35022145422842 -6.522045311977591 123.82754328885933 16.915780309235647 167.4560945360194 24.245836140717604 0.41665833690187837 5.895759251261797 -0.20250695185566753 -5.52093305605927 26.731607472150284 38.03019692338187 10.672621460852023 48.88528166240432 24.074297248950778 30.843081070223032 15.402121540667697 0.7267270846919912 93.6773413750605 0.6394103175071053 7.873413130366214
3 112 0 0 0 347.48743593098527 18.594694263548735 -7.154087083217964 120.02519276615114 17.895107279395752 167.82635169738714 22.426009351743577 0.42123539094042406 5.719302898820966 -0.1654566073180574 -5.745233335855664 27.807605485501107 37.7316153685161 9.798796715142078 47.35391700820801 23.939052533747287 31.267536401433354 15.848526823066464 0.7374996922030865 95.73314719431296 0.644620734493492 7.789661226154923
4 149 0 0 0 342.34018656971034 18.27775521825383 -7.157439826752124 118.00919005393297 18.185246417313618 167.91518667596935 22.704932702209547 0.368429472937181 5.837218740273374 -0.1537953047109407 -6.0883051630861145 28.453629719368667 38.266009510933856 10.105534320473076 47.34033501565102 25.107953281202438 31.904917524368358 14.881866647226538 0.7564112282025393 93.28748385873524 0.652795587462892 7.972863366466262
5 186 0 0 0 347.053773801781 17.95079570378911 -6.826958854353287 117.44669252895899 17.85381776819937 166.66266660545992 22.369772773763742 0.3791844891885686 5.5894495048453114 -0.16664517114739513 -6.058067002838836 28.029664468783615 37.68867152431866 9.757493035122371 46.44842372991714 25.654567934549206 31.204917863952968 14.972055568350882 0.760385154908474 95.80350523329437 0.638400494906992 8.152259176900746
6 223 0 0 0 349.5967055410068 18.161715593493565 -6.745254107998961 117.64198858499748 18.121800439839333 167.13383470924478 22.327109178340596 0.3992763561065622 5.511769373678806 -0.2050735331125248 -5.836074961558688 27.065986324754096 39.192926512512834 10.172319098991833 46.97487588574705 25.495870041701064 30.860406362110904 14.786358311175785 0.7446129445087627 97.55232829898253 0.6232109005055483 8.156195535335392
7 260 0 0 0 349.7963298906669 17.932350788923014 -6.89789096248277 117.84057289835472 18.12278143203511 163.98752542955228 22.685533244264562 0.4143520519527927 5.387244854415156 -0.20833492105744897 -5.847898824850662 27.24683472009944 39.06250574733141 9.9271184392772 46.01721393874255 26.207722593904062 29.912422980880468 15.35983702647832 0.7322703322471197 99.54017405623769 0.6173631118666124 8.15489601744365
8 297 0 0 0 349.1249241330094 17.303697359634796 -6.776869297640378 118.40658026114757 18.574001382963715 164.69611298673126 22.930706855486214 0.39092487798917835 5.325550393092729 -0.21667556934971538 -6.055999766125991 26.947521282327315 38.80442565174245 9.75455473440623 45.43037349080602 25.77379689011397 30.0256731606578 15.628918193137883 0.7438862623155202 98.80892664761139 0.6110942376254037 8.274864499780303
9 334 0 0 0 350.5656330027747 16.924398759483974 -6.766177360418328 120.93051951652036 18.74165978657075 164.89876376278582 23.353322031324165 0.37571570172905444 5.094708555887381 -0.20895885861526953 -6.163791263232749 26.980078734247464 38.23510639904493 9.678618044791744 45.59024796137185 25.785998614376304 30.133445124916697 15.467847399473657 0.7368152065736822 99.04534798760064 0.6302459984885174 8.178129263562635
10 371 0 0 0 348.6281279495189 16.67526913676952 -6.631605011088758 122.12561262783927 19.512317274307033 167.28452169757298 23.747231560186055 0.3876943132182499 4.9988451996768655 -0.22035846208852375 -6.062887776995247 26.504183373209774 37.338137014387826 9.976577237813562 45.47097536676169 25.35339419936946 30.54926885994448 15.108235972884527 0.7350428467770008 100.16047902419939 0.6279939728076194 8.231719972419963
11 408 0 0 0 349.98748432742167 17.18831953753939 -6.769004724028185 123.4510727555959 19.587335296072446 169.36615291181081 23.871788389079093 0.3820877985274512 5.0953832166893385 -0.2299985815965086 -5.941035775794069 26.654023880984376 37.81069148410443 9.835863837240053 45.212888266971 25.74782751140217 30.94155106692306 14.893329871192234 0.7337418442166422 100.4090539959713 0.6487272574590185 8.257409511041418
12 445 0 0 0 349.3475327270743 17.44483800556436 -6.813998774307688 123.97520839618663 18.98416986633227 168.54118613034822 23.610389944191358 0.37667363161470946 5.03348293534439 -0.23121563735755638 -5.891028434216005 26.54082875573019 37.81104932762883 9.794073286629981 46.20065151548893 25.205588324300066 30.75948117827173 14.857052840695566 0.728975627129752 101.19320626884847 0.6511973875029826 7.857039580146738
13 482 0 0 0 353.4384700101537 17.36020023045624 -7.0174687637654785 122.8786412758737 19.24786366584309 165.78397681067548 23.447295813530868 0.3766500186355087 5.217317584567454 -0.2245264111562985 -5.83517592522577 27.510256659634177 38.13499222538966 9.792980729009644 45.3982525182333 24.88287317317022 31.39854969627633 15.014586996840498 0.7366337463978596 99.54676641678057 0.6561105337055286 7.820107485714119
14 519 0 0 0 354.3777842365592 16.925478880182208 -6.993425578245892 123.9433725998991 19.262004313558162 166.36044808064563 23.742153238043436 0.3741314332884362 5.204016839587542 -0.21566582114058439 -5.918626346226565 27.80985760849423 38.18851682290343 9.795756043407572 44.86973702775477 24.99464593528077 31.665558400736714 14.883634388970556 0.7422602286233391 97.91217448934188 0.6617357952932809 7.995208210916821
15 556 0 0 0 359.2220511921586 17.020466867879303 -6.813924286491642 123.13983706514617 19.452478646403602 164.92307587776742 24.081326162221096 0.37777732678841247 5.296012209880011 -0.21581811027459827 -6.0315005850474925 27.844029978915543 37.71123228151491 9.642439207730147 44.763744489313105 24.77247828289359 31.6598440362448 14.555113558463356 0.7597468653953822 97.26328499290743 0.6523650317386958 7.9829844203047315
16 593 0 0 0 359.65296110558984 16.954289181248264 -6.895760706248425 124.21714773211703 19.724027131857085 165.16206673935872 23.983125120542077 0.3791086754913477 5.261128263077293 -0.20770545467117837 -6.185296885578039 27.531009521029812 37.92930082313428 9.653203317545811 44.54430104538644 24.549686903538017 31.57369589162332 14.258335026414082 0.766363310818207 96.31254354714278 0.6536414757549475 8.08009079133885
17 630 0 0 0 360.92176367810816 16.990709747106685 -7.05446163647933 125.86467842811642 19.603366152771613 164.77666359600903 23.96141228174102 0.38380144526469107 5.036049275011486 -0.1975239733943716 -6.204728202523617 27.688169484498346 37.70014632322113 9.53219986580484 44.32535490090428 24.506015469690663 31.800778837362778 14.018163483241484 0.7653759587020315 95.98085345684979 0.6597625082029469 7.927582199410548
18 667 0 0 0 363.4704977374221 16.941999821337667 -7.032905186976251 126.4440543008781 19.318114163754696 165.54712879289065 24.792800328606535 0.3926829313461898 4.981664107579924 -0.18697453189812546 -6.125029762451731 27.527483310073062 37.48695165076061 9.43279422739311 44.360064808761436 25.067449634801914 31.790905275660045 13.957618764973946 0.7677913404718496 95.03986367165521 0.6637544708941068 7.727494554709459
19 704 0 0 0 365.1549563221346 16.983298765483024 -6.9009200147833845 127.07642722179783 19.188982101860333 164.89271133978104 24.904099298153337 0.4021800798196398 5.096674007834777 -0.18257003563311802 -6.080586191344857 27.143408263955266 37.383598891121856 9.55508617607866 45.11352960922851 25.01352628817977 31.643965049107713 13.493742503272253 0.7697179737490323 94.3684197595983 0.6716763547024064 7.666404021042726
20 741 0 0 0 366.8031270287741 17.757162129402243 -6.969335125417426 127.64460414322525 19.51523656040119 164.64427513002906 24.89368687264206 0.3968911603341548 4.895336228473284 -0.1664894677047681 -6.024040951794825 27.083347045327486 37.801498428921796 9.481064983268713 44.762473384816154 25.50364153939399 31.358624671115084 13.455019600944098 0.7748455740740815 93.75324501220099 0.6816678707764584 7.799620761379885
21 778 0 0 0 363.1357939575004 17.593394130292502 -6.863018181190621 128.8966954143264 19.59717990551071 165.20849994187233 24.718800367164526 0.4024449017528086 5.01433776845552 -0.1659692520923411 -5.9705419664125365 27.11884602882858 38.007151064360905 9.342535839881325 45.323918442655945 25.622439993912263 31.353089048183534 13.808709910977266 0.7831710891122133 94.17099319328517 0.6563508068422709 7.891973816461634
22 815 0 0 0 364.16780545458033 17.714738193390478 -6.932116540154555 128.24197477101308 19.958801405099518 164.99228260687406 24.606511328910734 0.4042505541446647 4.959866981880096 -0.16413206592975652 -5.864241626234398 26.91703869470633 37.571583529101325 9.321854235415088 45.06818157518285 25.47802094537674 31.42255590996899 13.581834393238431 0.7707918269548075 96.07113118028998 0.6518553549256567 7.767065362027613
23 852 0 0 0 368.4469812970692 17.594278683109174 -6.9775387539867495 128.20557856420245 19.71560985294018 165.56565966920067 24.536607721871256 0.40137439419643084 4.814273669646664 -0.14787833026277844 -5.922200498782526 27.155455374896775 37.42682693662512 9.287710055425315 45.34272310164452 25.403893253480497 31.547011826976707 13.416090361416755 0.7742009749408411 94.79502788170912 0.6533224436889434 7.696795814002875
24 889 0 0 0 370.6109309099562 17.291812953804914 -7.023193801055944 128.5114166887683 19.364657365912464 165.04820410219088 24.609802214342817 0.41782759800962554 4.814311237048718 -0.15325502500317997 -6.049991101063126 27.008974136480713 37.126445166897334 9.291227885357996 45.38854371273431 25.255440045979494 31.63419246157889 13.219978955525084 0.7640262376577489 94.283672304863 0.6558420246683979 7.7560799425278955
25 926 0 0 0 371.78752228224306 17.414624100520474 -7.01723114823104 129.09723487717932 20.02803620900168 165.57560876492224 24.76594458915936 0.41280345541583463 4.769378777139516 -0.1450075140688121 -6.023610618808984 27.001550991111657 36.53510077032824 9.310574612112884 45.63911134934703 25.559680123886146 31.560352027718913 13.403140549455072 0.7625346984568848 93.26317229233729 0.6561305989813627 7.673835666199384
26 963 0 0 0 371.817430561232 17.563585418564806 -7.0654552201571565 129.4244091689864 20.34247737404754 165.5113771893722 24.57217179072574 0.4111501843750202 4.6377777146468375 -0.14992889826796188 -5.9725376752561345 26.96873072318016 36.688180508067795 9.19381490876915 45.90182111273249 25.464803400872366 31.556974108796194 13.339292880570875 0.7637790629358979 94.19355659475505 0.6610374268874445 7.712184966895405
27 1000 0 0 0 370.1034102339651 17.495405296137438 -7.032389748629328 128.4178907272227 20.329571668036564 166.541950741895 24.335026472705238 0.40275384376414347 4.715026200512551 -0.15087709097814306 -5.957847948801795 27.076576667042733 36.74956369359041 9.2050507922084 45.240650765288684 25.53859766310616 31.484532678485635 13.295900188690036 0.7796944443735733 94.261230816254 0.6598444368114044 7.854635654712725
28 1037 0 0 0 369.93606819838374 17.37041411340084 -6.969757637903945 127.3710131669684 20.35591788849796 166.72543657737998 24.554015941166547 0.3974846594542168 4.721838022889465 -0.1317012680370868 -5.99029526598855 27.038579763420756 36.63497359495655 9.174360836958225 45.5146007021091 25.840084500441627 31.47898643992648 13.379637438920604 0.7831267257256183 94.40198422120241 0.6587347860880902 7.973638315808658
29 1074 0 0 0 369.2824423518008 17.34276161959139 -7.116560583234244 126.91736375913537 20.43829901983699 167.12653054588162 24.696041883764963 0.39148845236053237 4.702622444476897 -0.12272230246226154 -5.919278704647638 26.999025385050267 36.4103431802661 9.000062474695268 45.65822867739358 25.906368694692386 31.463165396708845 13.545509488016132 0.7809326408312921 93.53811563455383 0.6530952114318339 7.90630243746107
30 1111 0 0 0 369.8579779225363 17.415266545778973 -7.037429319040348 127.2060497639585 20.229297581197677 168.1610301560956 24.976552562914378 0.3913567496964888 4.7107756461087655 -0.12785558323218485 -5.878690691213299 27.130959357681963 36.26611298920605 9.012843792062935 45.62531891153728 25.862384185437328 31.675934300363156 13.489426561804077 0.7906238564404764 94.28593755945896 0.6605463921294643 7.858124328233809
31 1148 0 0 0 368.8063190759778 17.516691995507284 -7.06257205755196 126.82753558359704 20.190154727482977 168.4402732377875 25.01903617444976 0.38612515620175997 4.755809673868762 -0.1235236975880983 -5.856861322172942 26.98259611241381 36.4761247801156 9.14614938854677 46.4724455407646 25.695522335066286 31.890894307250328 13.304931992295941 0.7861884087862551 93.95483963061265 0.6615223948099346 7.896750449855716
32 1185 0 0 0 366.9025149341929 17.485074759345714 -7.0154386742565045 125.55219728341316 20.084331970813942 169.22670567394533 24.94115679497492 0.3863774933432896 4.754511088619551 -0.11444906347010733 -5.740000885014288 26.93041056579883 36.21435352279569 9.11509644433356 46.439272371435415 26.033913957176306 31.660707028877955 13.580961820739804 0.7906661497429193 93.1548609416037 0.6621715469670102 8.001023056145712
33 1222 0 0 0 368.1804394304453 17.283435110153025 -7.035845861718515 125.97327896216177 20.32813733640493 169.45384151403607 25.332383322380135 0.39625993681321325 4.738982537556206 -0.10700168657746648 -5.786267523227556 26.810554785913844 35.82937253527031 9.137399998243845 46.55971819500425 26.110185355419166 31.902495879094108 13.290331532193385 0.791330891515527 93.06896672185817 0.6663744545854664 7.9854956711352125
34 1259 0 0 0 366.8991580271219 17.63773775425935 -7.1953006662180155 126.40659723924257 20.323108668259167 170.19205734636031 25.04017173494215 0.39350658215208106 4.66887736538463 -0.10384287102692853 -5.743565635511913 26.737972072552754 35.92840118598667 9.173635798703499 45.99798017877489 26.188557459949315 31.941213193595882 13.1407087481526 0.7864046610320241 92.89659403688138 0.6691355298094787 7.860980351179221
35 1296 0 0 0 366.3356995931967 17.586125714580543 -7.1565124595345715 125.45771462090059 20.23307431258846 171.3414275590926 25.05526814272684 0.3889519893761728 4.7243780809848595 -0.10301540791214611 -5.802234772255829 26.93064634378459 36.12691294853885 9.18272592483913 45.85419017406251 25.858684042457323 32.10886534527576 13.352796655022939 0.7944565633268035 92.34150894298261 0.6745226120520286 7.775210258555578
36 1333 0 0 0 366.81899751131954 17.785119970360846 -7.175831960181629 125.92069841269998 20.42549867058059 172.16401316010328 25.00310464306745 0.3852423323902878 4.750794131330835 -0.09512595488446136 -5.775909768055332 26.905084115430146 36.29364113207349 9.189525205353538 45.82851618057836 25.57406978841939 32.14559955523547 13.312945275527058 0.800085013364234 92.06116034649939 0.6762736351868589 7.606467131721816
37 1370 0 0 0 367.7318632466537 17.333497119064358 -7.130060855169848 125.83046899786056 20.253319650358975 173.30564426631767 24.796858840095023 0.388588682408249 4.7734905159507495 -0.09850663075145562 -5.831967570570968 27.005665294771863 36.20886887254592 9.224764517466244 46.09517804178953 25.389859472657992 32.52696094021922 13.143680278731408 0.8070688149282556 92.13994870339093 0.6882978335617602 7.7202489861911205
